Case #1: 19 1 1 1 1 1 1 1 1 2 2 2 2 2 2 3 3 5 5 5 
Case #2: 22 1 1 1 1 2 2 2 2 2 2 2 2 2 2 2 2 2 2 2 2 2 3 
Case #3: 22 1 1 1 1 1 1 1 1 1 1 1 1 1 2 3 3 3 3 3 3 3 5 
Case #4: 10 1 1 1 2 3 3 3 5 5 17 
Case #5: 17 1 1 1 1 2 2 2 2 2 2 2 2 3 3 3 5 7 
Case #6: 21 1 1 1 1 1 1 1 1 1 1 1 1 1 1 2 2 3 3 5 5 7 
Case #7: 19 1 1 1 1 1 1 1 2 2 2 2 2 2 3 3 3 3 3 7 
Case #8: 18 1 1 1 1 1 1 1 1 1 1 1 2 2 2 2 2 3 17 
Case #9: 23 1 1 1 1 1 1 1 1 1 1 1 1 1 1 1 2 2 3 3 3 3 5 5 
Case #10: 18 1 1 1 1 1 1 2 2 2 2 2 2 2 2 2 3 3 11 
Case #11: 25 1 1 1 1 1 1 1 1 1 1 1 1 1 1 1 1 1 1 1 1 1 1 1 1 17 
Case #12: 31 1 1 1 1 1 1 1 1 1 1 1 1 1 1 1 1 1 1 1 1 1 1 1 1 1 1 1 3 3 3 5 
Case #13: 15 1 1 1 1 1 2 2 2 2 3 3 3 5 7 7 
Case #14: 24 1 1 1 1 1 1 1 1 1 1 1 1 1 1 1 2 3 3 3 3 3 3 3 3 
Case #15: 21 1 1 1 1 1 1 1 1 1 1 1 1 1 1 2 2 3 5 5 5 5 
Case #16: 24 1 1 1 1 1 1 1 1 1 1 1 1 1 1 1 2 2 2 2 2 3 3 5 5 
Case #17: 14 1 1 1 1 2 2 2 2 2 2 2 5 5 13 
Case #18: 15 1 1 1 1 1 2 2 3 3 3 3 3 5 5 7 
Case #19: 16 1 1 1 1 1 1 1 2 3 3 3 3 5 5 5 5 
Case #20: 39 1 1 1 1 1 1 1 1 1 1 1 1 1 1 1 1 1 1 1 1 1 1 1 1 1 1 1 1 1 1 1 1 1 1 1 1 1 1 3 
Case #21: 18 1 1 1 1 1 1 1 1 1 1 2 3 3 3 5 5 5 5 
Case #22: 15 1 1 1 1 2 2 2 2 3 3 3 5 5 5 5 
Case #23: -1
Case #24: 19 1 1 1 1 1 1 2 2 2 2 2 2 2 2 3 3 3 5 5 
Case #25: -1
Case #26: 17 1 1 2 2 2 2 2 2 2 2 2 2 2 2 3 5 7 
Case #27: 18 1 1 1 1 1 1 1 1 1 2 2 2 2 2 5 5 5 7 
Case #28: 23 1 1 1 1 1 1 1 1 1 1 1 1 1 1 1 2 2 3 3 3 3 3 7 
Case #29: 16 1 1 1 1 1 1 1 2 2 2 2 2 3 3 5 13 
Case #30: 24 1 1 1 1 1 1 1 1 1 1 1 1 1 1 1 1 2 2 2 2 2 3 5 7 
Case #31: 9 1 1 2 2 2 2 3 5 23 
Case #32: 16 1 1 1 1 1 2 2 2 3 3 3 3 3 3 5 7 
Case #33: 21 1 1 1 1 1 1 1 1 1 2 2 2 2 2 2 2 2 3 3 3 7 
Case #34: 35 1 1 1 1 1 1 1 1 1 1 1 1 1 1 1 1 1 1 1 1 1 1 1 1 1 1 1 1 1 1 1 1 3 3 3 
Case #35: -1
Case #36: 21 1 1 1 1 1 1 1 1 1 1 1 2 2 2 2 3 3 3 3 3 7 
Case #37: 13 1 1 1 1 1 1 1 1 1 1 1 1 29 
Case #38: 14 1 1 1 1 1 2 2 2 3 3 3 3 5 13 
Case #39: 10 1 1 1 1 2 3 3 5 5 19 
Case #40: -1
Case #41: 14 1 1 1 1 1 1 2 3 3 5 5 5 5 7 
Case #42: 29 1 1 1 1 1 1 1 1 1 1 1 1 1 1 1 1 1 1 1 1 1 1 1 1 1 1 1 3 11 
Case #43: 23 1 1 1 1 1 1 1 1 1 1 1 1 2 2 2 2 2 2 2 2 3 5 5 
Case #44: 15 1 1 2 2 2 2 2 2 2 2 3 5 5 5 5 
Case #45: 23 1 1 1 1 1 1 1 1 1 1 1 1 1 1 1 1 2 2 2 2 3 3 11 
Case #46: 21 1 1 1 1 1 1 1 1 1 1 1 1 1 1 1 2 2 3 5 7 7 
Case #47: 18 1 1 1 1 1 1 1 1 1 1 1 2 2 2 5 5 7 7 
Case #48: 32 1 1 1 1 1 1 1 1 1 1 1 1 1 1 1 1 1 1 1 1 1 1 1 1 1 1 1 1 1 2 5 5 
Case #49: 20 1 1 1 1 1 1 1 1 1 1 1 1 1 2 3 3 3 5 5 7 
Case #50: 13 1 1 1 1 1 2 2 3 3 3 5 7 11 
Case #51: 4 1 1 2 37 
Case #52: 14 1 1 1 1 2 2 2 2 2 2 2 5 7 11 
Case #53: 34 1 1 1 1 1 1 1 1 1 1 1 1 1 1 1 1 1 1 1 1 1 1 1 1 1 1 1 1 1 1 1 2 3 5 
Case #54: 19 1 1 1 1 1 1 1 1 1 2 2 2 2 2 2 3 5 5 7 
Case #55: 21 1 1 1 1 1 1 1 1 1 1 1 1 1 2 2 2 2 3 5 5 7 
Case #56: 18 1 1 1 1 2 2 2 2 2 2 2 2 2 2 2 3 5 7 
Case #57: 25 1 1 1 1 1 1 1 1 1 1 1 1 1 1 1 1 1 2 2 2 2 3 3 5 5 
Case #58: 21 1 2 2 2 2 2 2 2 2 2 2 2 2 2 2 2 2 2 2 2 2 
Case #59: 26 1 1 1 1 1 1 1 1 1 1 1 1 1 1 1 1 2 2 2 2 2 2 2 2 2 7 
Case #60: 16 1 1 1 1 1 1 1 2 2 2 3 3 3 5 7 7 
Case #61: 23 1 1 1 1 1 1 1 1 1 1 1 1 1 1 1 1 1 1 2 2 3 3 13 
Case #62: 21 1 1 1 1 1 1 2 2 2 2 2 2 2 2 2 2 2 2 2 2 7 
Case #63: 24 1 1 1 1 1 1 1 1 1 1 1 1 1 2 2 2 2 2 2 2 2 2 3 7 
Case #64: 21 1 1 1 1 1 1 1 1 1 1 1 1 1 2 2 3 3 3 3 5 7 
Case #65: -1
Case #66: 29 1 1 1 1 1 1 1 1 1 1 1 1 1 1 1 1 1 1 1 1 1 1 1 1 1 1 1 1 13 
Case #67: 18 1 1 1 1 1 1 1 1 1 2 2 2 3 3 3 3 3 11 
Case #68: 28 1 1 1 1 1 1 1 1 1 1 1 1 1 1 1 1 1 1 1 1 2 2 2 3 3 3 3 3 
Case #69: -1
Case #70: 22 1 1 1 1 1 1 1 1 1 1 1 1 1 1 1 1 1 1 1 1 2 19 
Case #71: -1
Case #72: 18 1 1 1 1 1 1 1 1 2 2 2 2 2 3 3 5 5 7 
Case #73: 7 1 1 1 5 7 7 19 
Case #74: -1
Case #75: -1
Case #76: 14 1 1 2 2 2 2 2 2 2 2 2 3 5 13 
Case #77: 38 1 1 1 1 1 1 1 1 1 1 1 1 1 1 1 1 1 1 1 1 1 1 1 1 1 1 1 1 1 1 1 1 1 1 1 1 2 3 
Case #78: 15 1 1 1 1 1 1 1 1 1 2 2 2 2 5 19 
Case #79: 10 1 1 1 1 1 1 1 1 2 31 
Case #80: -1
Case #81: -1
Case #82: 15 1 1 1 1 1 1 1 1 2 2 2 2 3 3 19 
Case #83: 18 1 1 1 1 1 2 2 2 2 2 2 2 2 2 3 5 5 5 
Case #84: -1
Case #85: -1
Case #86: 18 1 1 1 1 1 1 1 2 2 2 2 2 2 2 3 3 3 11 
Case #87: 25 1 1 1 1 1 1 1 1 1 2 2 2 2 2 2 2 2 2 2 2 2 2 2 2 2 
Case #88: 23 1 1 1 1 1 1 1 1 1 1 1 1 1 1 2 2 2 2 3 3 3 5 5 
Case #89: 31 1 1 1 1 1 1 1 1 1 1 1 1 1 1 1 1 1 1 1 1 1 1 1 1 1 1 1 2 2 3 7 
Case #90: 14 1 1 2 2 2 2 2 2 2 2 2 3 7 11 
Case #91: 21 1 1 1 1 1 1 1 1 1 1 2 2 2 2 2 2 2 2 3 5 7 
Case #92: 33 1 1 1 1 1 1 1 1 1 1 1 1 1 1 1 1 1 1 1 1 1 1 1 1 1 1 2 2 2 2 2 2 3 
Case #93: 18 1 1 1 1 1 2 2 2 2 2 2 2 2 2 3 3 5 7 
Case #94: 21 1 1 1 1 1 1 1 1 1 1 2 2 2 2 2 2 3 3 3 5 5 
Case #95: 17 1 1 1 1 1 1 1 1 1 1 2 2 3 3 5 5 11 
Case #96: -1
Case #97: 38 1 1 1 1 1 1 1 1 1 1 1 1 1 1 1 1 1 1 1 1 1 1 1 1 1 1 1 1 1 1 1 1 1 1 1 2 2 2 
Case #98: 10 1 1 1 2 3 3 3 3 5 19 
Case #99: -1
Case #100: 19 1 1 1 1 1 1 1 2 2 2 2 2 2 2 2 3 3 5 7 
Case #101: 14 1 1 1 1 1 1 1 2 3 3 3 5 5 13 
Case #102: 18 1 1 1 1 1 1 1 1 1 2 2 2 2 2 3 3 5 11 
Case #103: 23 1 1 1 1 1 1 1 1 2 2 2 2 2 2 2 2 2 2 2 2 3 3 3 
Case #104: 21 1 1 1 1 1 1 2 2 2 2 2 2 2 2 2 2 3 3 3 3 3 
Case #105: 28 1 1 1 1 1 1 1 1 1 1 1 1 1 1 1 1 1 2 2 2 2 2 2 2 2 2 3 3 
Case #106: 10 1 1 1 2 3 3 5 7 7 11 
Case #107: 18 1 1 1 1 1 1 1 1 1 1 2 2 2 3 3 3 3 13 
Case #108: 24 1 1 1 1 1 1 1 1 2 2 2 2 2 2 2 2 2 2 2 2 2 2 2 3 
Case #109: 11 1 1 2 2 2 2 2 2 3 5 19 
Case #110: 13 1 1 2 2 2 2 2 2 2 2 3 7 13 
Case #111: -1
Case #112: 15 1 1 1 1 2 2 2 2 2 2 2 2 5 5 11 
Case #113: 27 1 1 1 1 1 1 1 1 1 1 1 1 1 1 1 1 1 1 1 1 1 1 3 3 3 3 7 
Case #114: 13 1 1 1 1 1 2 2 3 3 3 3 3 17 
Case #115: 16 1 1 1 2 2 2 3 3 3 3 3 3 3 3 3 5 
Case #116: 25 1 1 1 1 1 1 1 1 1 1 1 1 1 1 1 1 2 2 2 2 3 3 3 3 5 
Case #117: -1
Case #118: 16 1 1 1 1 1 1 1 1 1 1 2 3 5 5 5 11 
Case #119: 13 1 1 1 1 1 2 2 3 3 5 5 5 11 
Case #120: 18 1 1 1 1 2 2 2 2 2 2 2 3 3 3 3 3 3 5 
Case #121: 19 1 1 1 1 1 2 2 2 2 2 2 2 2 3 3 3 3 3 5 
Case #122: 14 1 1 1 1 1 2 2 2 2 2 5 7 7 7 
Case #123: 24 1 1 1 1 1 1 1 1 1 1 1 1 1 1 1 1 1 1 2 3 3 5 5 5 
Case #124: 26 1 1 1 1 1 1 1 1 1 1 1 1 1 1 1 2 2 2 2 2 2 2 2 2 3 5 
Case #125: 15 1 1 1 2 2 2 2 2 2 3 3 5 5 5 5 
Case #126: -1
Case #127: 36 1 1 1 1 1 1 1 1 1 1 1 1 1 1 1 1 1 1 1 1 1 1 1 1 1 1 1 1 1 1 1 1 2 2 2 3 
Case #128: 22 1 1 1 1 1 1 1 1 1 1 1 2 2 2 2 2 3 3 3 3 3 5 
Case #129: 14 1 1 1 1 1 1 1 2 3 3 5 5 5 11 
Case #130: 19 1 1 1 1 1 1 1 1 1 1 2 2 2 2 2 2 3 5 11 
Case #131: 25 1 1 1 1 1 1 1 1 1 1 1 1 1 1 1 1 1 1 1 1 1 3 3 7 7 
Case #132: 21 1 1 1 1 1 1 1 1 1 1 1 1 1 2 2 2 2 5 5 5 5 
Case #133: 24 1 1 1 1 1 1 1 1 1 1 1 1 1 1 1 1 1 1 2 2 2 3 3 11 
Case #134: 24 1 1 1 1 1 1 1 1 1 1 1 1 1 1 2 2 2 2 2 2 2 3 5 5 
Case #135: 21 1 1 1 1 1 1 1 1 1 1 1 1 1 1 1 1 2 2 5 5 11 
Case #136: 22 1 1 1 1 1 1 1 1 1 1 1 2 2 2 2 2 2 2 3 3 3 7 
Case #137: 11 1 1 1 2 2 2 2 3 3 11 13 
Case #138: 17 1 1 1 1 1 1 1 2 2 2 2 2 2 3 3 5 11 
Case #139: 16 1 1 1 1 1 1 1 1 1 2 2 2 5 5 5 11 
Case #140: 19 1 1 1 1 1 1 1 1 2 2 2 2 3 3 3 3 3 5 5 
Case #141: 25 1 1 1 1 1 1 1 1 1 1 1 1 1 1 1 1 1 1 1 1 2 2 3 3 11 
Case #142: -1
Case #143: 21 1 1 1 1 1 1 1 1 1 1 1 1 3 3 3 3 3 3 3 3 5 
Case #144: 17 1 1 1 1 1 1 1 2 2 2 2 3 3 3 3 7 7 
Case #145: 22 1 1 1 1 1 1 1 1 1 2 2 2 2 2 2 2 2 2 3 3 3 5 
Case #146: -1
Case #147: 18 1 1 1 1 1 1 1 1 1 2 2 2 2 2 2 2 5 13 
Case #148: 23 1 1 1 1 1 1 1 1 1 1 1 1 1 1 1 1 2 2 3 3 3 5 7 
Case #149: 37 1 1 1 1 1 1 1 1 1 1 1 1 1 1 1 1 1 1 1 1 1 1 1 1 1 1 1 1 1 1 1 1 1 2 2 2 2 
Case #150: 19 1 1 1 1 1 1 2 2 2 2 3 3 3 3 3 3 3 3 3 
Case #151: 14 1 1 1 1 1 2 2 2 3 3 3 5 5 11 
Case #152: 24 1 1 1 1 1 1 1 1 1 1 1 1 1 2 2 2 2 2 3 3 3 3 3 3 
Case #153: 20 1 1 1 1 1 1 1 1 2 2 2 2 2 2 2 3 3 3 5 5 
Case #154: 14 1 1 1 1 1 1 2 3 3 3 5 5 7 7 
Case #155: 27 1 1 1 1 1 1 1 1 1 1 1 1 1 1 1 1 1 1 1 1 2 2 2 2 3 3 7 
Case #156: -1
Case #157: 27 1 1 1 1 1 1 1 1 1 1 1 1 1 1 1 1 1 1 2 2 2 2 2 2 3 3 5 
Case #158: 21 1 1 1 1 1 1 1 2 2 2 2 2 2 2 2 2 2 3 3 3 5 
Case #159: 23 1 1 1 1 1 1 1 1 1 1 1 1 1 1 2 2 2 2 2 2 3 5 7 
Case #160: 26 1 1 1 1 1 1 1 1 1 1 1 1 1 1 1 1 1 1 1 2 3 3 3 3 3 5 
Case #161: 35 1 1 1 1 1 1 1 1 1 1 1 1 1 1 1 1 1 1 1 1 1 1 1 1 1 1 1 1 1 1 1 1 1 1 7 
Case #162: 16 1 1 1 2 2 2 2 2 2 2 2 2 3 3 7 7 
Case #163: 8 1 1 2 2 2 3 7 23 
Case #164: 12 1 1 1 2 3 3 3 3 5 5 7 7 
Case #165: 17 1 1 1 1 1 1 1 1 1 1 2 2 2 2 5 5 13 
Case #166: 22 1 1 1 1 1 1 1 1 1 1 1 1 1 1 1 1 2 2 2 5 7 7 
Case #167: 28 1 1 1 1 1 1 1 1 1 1 1 1 1 1 1 1 1 1 1 1 1 1 1 1 1 1 2 13 
Case #168: 16 1 1 1 1 2 2 2 2 2 2 2 3 3 5 5 7 
Case #169: 18 1 1 1 1 1 1 2 2 2 2 2 2 2 2 2 3 7 7 
Case #170: 15 1 1 1 1 1 1 1 1 1 1 1 1 1 5 23 
Case #171: 19 1 1 1 1 1 1 1 2 2 2 2 2 2 3 3 3 3 5 5 
Case #172: 23 1 1 1 1 1 1 1 1 1 1 2 2 2 2 2 2 2 2 2 2 3 3 5 
Case #173: 14 1 1 1 1 1 2 2 2 3 3 3 7 7 7 
Case #174: 29 1 1 1 1 1 1 1 1 1 1 1 1 1 1 1 1 1 1 1 1 1 1 1 2 2 3 3 3 5 
Case #175: 22 1 1 1 1 1 1 1 1 1 1 1 2 2 2 2 2 2 2 3 3 5 5 
Case #176: 21 1 1 1 1 1 1 1 1 1 1 1 1 1 1 1 1 1 1 1 11 11 
Case #177: 15 1 1 1 1 1 2 2 3 3 3 3 3 3 7 7 
Case #178: 28 1 1 1 1 1 1 1 1 1 1 1 1 1 1 1 1 1 1 1 1 1 1 1 1 1 2 7 7 
Case #179: 25 1 1 1 1 1 1 1 1 1 1 1 1 1 1 1 1 1 1 2 2 2 2 3 5 7 
Case #180: 19 1 1 1 2 2 2 2 2 2 2 2 2 2 2 2 3 3 3 5 
Case #181: -1
Case #182: 19 1 1 1 1 1 1 1 1 1 2 2 2 2 3 3 3 5 5 5 
Case #183: -1
Case #184: 21 1 1 1 1 1 1 1 1 1 1 2 2 2 2 3 3 3 3 3 3 5 
Case #185: 26 1 1 1 1 1 1 1 1 1 1 1 1 1 1 1 1 1 1 1 2 2 2 3 3 3 7 
Case #186: -1
Case #187: 12 1 1 1 2 2 2 3 3 3 5 7 11 
Case #188: 12 1 1 1 1 1 2 2 2 3 7 7 13 
Case #189: 16 1 1 1 1 1 2 2 2 2 2 2 2 5 5 5 7 
Case #190: 21 1 1 1 1 1 1 1 2 2 2 2 2 2 2 2 2 2 2 2 3 7 
Case #191: 24 1 1 1 1 1 1 1 1 1 1 1 2 2 2 2 2 2 2 2 2 2 2 3 5 
Case #192: 14 1 1 1 1 1 1 2 2 2 2 2 5 7 13 
Case #193: 22 1 1 1 1 1 1 1 1 2 2 2 2 2 2 2 2 2 2 2 3 3 5 
Case #194: -1
Case #195: -1
Case #196: 25 1 1 1 1 1 1 1 1 1 1 1 1 1 1 1 1 1 1 2 2 3 3 3 3 7 
Case #197: 16 1 1 1 1 1 1 2 2 2 2 2 3 5 5 5 7 
Case #198: 21 1 1 1 1 1 1 1 1 1 2 2 2 2 2 2 2 2 3 3 5 5 
Case #199: 25 1 1 1 1 1 1 1 1 1 1 1 1 2 2 2 2 2 2 2 2 2 2 2 2 5 
Case #200: -1
Case #201: 25 1 1 1 1 1 1 1 1 1 1 1 1 1 1 1 2 2 2 2 2 2 2 2 5 5 
Case #202: 34 1 1 1 1 1 1 1 1 1 1 1 1 1 1 1 1 1 1 1 1 1 1 1 1 1 1 1 1 1 1 2 2 2 5 
Case #203: 22 1 1 1 1 1 1 2 2 2 2 2 2 2 2 2 2 2 2 2 2 2 5 
Case #204: 22 1 1 1 1 1 1 1 1 1 1 1 1 1 1 1 1 1 1 1 2 3 17 
Case #205: 22 1 1 1 1 1 1 1 1 1 1 1 1 1 1 1 2 2 2 3 3 3 11 
Case #206: -1
Case #207: 17 1 1 1 1 1 2 2 2 2 2 2 2 2 3 3 3 11 
Case #208: 21 1 1 1 1 1 1 1 1 2 2 2 2 2 2 3 3 3 3 3 3 3 
Case #209: 5 1 1 1 19 19 
Case #210: 21 1 1 1 1 1 1 1 1 1 1 1 1 1 1 2 2 3 3 3 3 11 
Case #211: 31 1 1 1 1 1 1 1 1 1 1 1 1 1 1 1 1 1 1 1 1 1 1 1 1 1 1 2 2 3 3 5 
Case #212: 34 1 1 1 1 1 1 1 1 1 1 1 1 1 1 1 1 1 1 1 1 1 1 1 1 1 1 1 1 1 1 1 1 2 7 
Case #213: -1
Case #214: 3 1 3 37 
Case #215: 20 1 1 1 1 1 1 1 1 1 2 2 2 2 2 3 3 3 3 5 5 
Case #216: -1
Case #217: 20 1 1 1 1 1 1 1 1 1 2 2 2 3 3 3 3 3 3 3 5 
Case #218: -1
Case #219: -1
Case #220: 21 1 1 2 2 2 2 2 2 2 2 2 2 2 2 2 2 2 2 2 2 3 
Case #221: 25 1 1 1 1 1 1 1 1 1 1 1 2 2 2 2 2 2 2 2 2 2 2 2 3 3 
Case #222: 3 1 17 23 
Case #223: 25 1 1 1 1 1 1 1 1 1 1 1 1 1 1 1 2 2 2 2 2 2 2 2 3 7 
Case #224: -1
Case #225: 14 1 1 1 1 2 2 2 2 2 3 3 5 5 11 
Case #226: 15 1 1 1 1 1 2 2 3 3 3 3 3 3 3 11 
Case #227: 18 1 1 1 1 1 1 1 1 1 1 1 2 3 3 3 5 7 7 
Case #228: -1
Case #229: 26 1 1 1 1 1 1 1 1 1 1 1 1 1 1 1 1 1 1 2 2 2 3 3 3 3 5 
Case #230: 15 1 1 1 1 1 2 2 2 2 2 2 3 5 5 11 
Case #231: 20 1 1 1 1 1 1 1 1 2 2 2 3 3 3 3 3 3 3 3 3 
Case #232: 26 1 1 1 1 1 1 1 1 1 1 1 1 1 1 2 2 2 2 2 2 2 2 2 2 2 5 
Case #233: 17 1 1 1 1 1 1 1 1 1 1 1 2 2 2 2 3 19 
Case #234: 20 1 1 1 1 1 1 1 2 2 2 2 2 2 2 2 2 3 3 3 7 
Case #235: 20 1 1 1 1 1 1 1 1 2 2 2 2 2 3 3 3 3 3 3 5 
Case #236: 21 1 1 1 1 1 1 1 1 1 1 1 2 2 3 3 3 3 3 3 3 5 
Case #237: 19 1 1 1 1 2 2 2 2 2 2 2 2 2 2 3 3 3 3 5 
Case #238: -1
Case #239: 19 1 1 1 1 1 1 1 1 1 1 1 2 2 3 3 3 3 7 7 
Case #240: 18 1 1 1 1 1 1 1 1 1 1 1 1 1 1 1 1 2 23 
Case #241: 22 1 1 1 1 1 1 1 1 1 1 2 2 2 2 2 3 3 3 3 3 3 3 
Case #242: 33 1 1 1 1 1 1 1 1 1 1 1 1 1 1 1 1 1 1 1 1 1 1 1 1 1 1 1 1 1 1 1 3 7 
Case #243: 23 1 1 1 1 1 1 1 1 1 1 1 1 1 1 1 2 2 2 2 3 3 5 7 
Case #244: 19 1 1 1 1 1 1 1 1 1 1 1 1 1 2 2 2 2 3 17 
Case #245: 25 1 1 1 1 1 1 1 1 1 1 1 1 1 1 1 1 2 2 2 2 2 2 3 5 5 
Case #246: 19 1 1 1 1 1 1 1 1 1 1 1 2 2 2 2 3 3 5 11 
Case #247: 11 1 1 1 2 2 2 2 3 3 5 19 
Case #248: 24 1 1 1 1 1 1 1 1 1 1 1 1 1 1 1 1 1 2 2 2 3 5 5 5 
Case #249: 22 1 1 1 1 1 1 1 1 1 1 1 1 1 1 2 3 3 3 3 3 5 5 
Case #250: 18 1 1 1 1 1 1 1 1 1 1 2 2 2 3 3 5 7 7 
Case #251: 10 1 1 1 1 2 3 3 5 11 13 
Case #252: 26 1 1 1 1 1 1 1 1 1 1 1 1 1 1 1 1 1 1 1 1 1 1 1 2 3 13 
Case #253: -1
Case #254: 17 1 1 1 1 1 1 1 1 1 2 2 3 3 3 5 7 7 
Case #255: 23 1 1 1 1 1 1 1 1 1 1 1 1 1 1 1 1 1 1 2 2 3 5 11 
Case #256: 25 1 1 1 1 1 1 1 1 1 1 1 1 1 1 1 1 1 1 1 1 1 1 1 5 13 
Case #257: 20 1 1 1 1 1 1 1 1 1 1 1 2 2 2 2 2 5 5 5 5 
Case #258: -1
Case #259: 17 1 1 1 1 1 1 1 2 2 2 2 3 3 3 3 3 11 
Case #260: 16 1 1 1 1 1 1 1 1 1 1 1 2 3 3 5 17 
Case #261: 23 1 1 1 1 1 1 1 1 1 2 2 2 2 2 2 2 2 2 2 3 3 3 3 
Case #262: -1
Case #263: 19 1 1 1 1 1 1 1 1 1 1 1 1 2 2 3 3 3 5 11 
Case #264: -1
Case #265: 25 1 1 1 1 1 1 1 1 1 1 1 1 1 1 1 1 1 1 1 3 3 3 3 3 7 
Case #266: 14 1 1 1 2 3 3 3 3 3 3 3 3 5 7 
Case #267: 12 1 1 1 1 2 2 2 3 7 7 7 7 
Case #268: 13 1 1 1 1 1 1 2 2 3 5 5 7 11 
Case #269: -1
Case #270: 11 1 1 2 2 2 2 3 7 7 7 7 
Case #271: -1
Case #272: 17 1 1 1 1 2 2 2 2 2 2 3 3 3 3 3 5 5 
Case #273: 26 1 1 1 1 1 1 1 1 1 1 1 1 1 1 1 1 2 2 2 2 2 2 2 3 3 5 
Case #274: -1
Case #275: 20 1 1 1 1 1 1 1 1 1 1 1 1 1 1 1 2 3 3 7 11 
Case #276: 17 1 1 1 1 1 1 1 1 1 1 1 1 1 1 1 3 23 
Case #277: -1
Case #278: 18 1 1 1 1 2 2 2 2 2 2 2 2 2 2 2 5 5 5 
Case #279: 16 1 1 1 1 1 1 1 1 2 2 2 3 3 3 5 13 
Case #280: 20 1 1 1 1 1 1 1 1 1 1 1 2 2 2 2 2 3 3 7 7 
Case #281: 23 1 1 1 1 1 1 1 1 1 2 2 2 2 2 2 2 2 2 2 2 2 3 5 
Case #282: 15 1 1 1 1 2 2 2 2 2 2 2 2 3 7 11 
Case #283: -1
Case #284: 23 1 1 1 1 1 1 1 1 1 1 1 1 1 1 1 1 1 1 1 1 2 2 17 
Case #285: 18 1 1 1 1 1 1 1 1 1 1 1 2 3 3 5 5 5 7 
Case #286: 22 1 1 1 1 1 1 1 1 1 1 1 1 1 1 1 2 2 2 3 5 5 7 
Case #287: -1
Case #288: 26 1 1 1 1 1 1 1 1 1 1 1 1 1 1 1 1 1 1 1 1 2 3 3 3 3 7 
Case #289: 19 1 1 1 1 1 1 2 2 2 2 2 2 2 2 2 2 3 5 7 
Case #290: -1
Case #291: 14 1 1 1 1 1 2 2 2 3 3 3 3 7 11 
Case #292: 33 1 1 1 1 1 1 1 1 1 1 1 1 1 1 1 1 1 1 1 1 1 1 1 1 1 1 1 1 2 2 2 2 5 
Case #293: -1
Case #294: 26 1 1 1 1 1 1 1 1 1 1 1 1 1 1 1 1 1 1 1 1 1 1 2 2 2 13 
Case #295: 23 1 1 1 1 1 1 1 1 1 1 2 2 2 2 2 2 2 2 2 2 2 2 7 
Case #296: 25 1 1 1 1 1 1 1 1 1 1 2 2 2 2 2 2 2 2 2 2 2 2 2 2 3 
Case #297: -1
Case #298: 11 1 1 2 2 2 2 2 2 3 7 17 
Case #299: 27 1 1 1 1 1 1 1 1 1 1 1 1 1 1 1 1 1 1 1 1 1 1 1 1 1 5 11 
Case #300: 20 1 1 1 1 1 2 2 2 2 2 2 2 2 2 2 2 3 3 3 5 
Case #301: -1
Case #302: 21 1 1 1 1 1 1 1 1 1 1 1 1 1 2 2 2 2 3 3 7 7 
Case #303: 29 1 1 1 1 1 1 1 1 1 1 1 1 1 1 1 1 1 1 1 1 1 1 1 1 1 1 1 7 7 
Case #304: -1
Case #305: 37 1 1 1 1 1 1 1 1 1 1 1 1 1 1 1 1 1 1 1 1 1 1 1 1 1 1 1 1 1 1 1 1 1 1 1 3 3 
Case #306: 16 1 1 1 1 2 2 2 2 2 3 3 3 3 3 5 7 
Case #307: 26 1 1 1 1 1 1 1 1 1 1 1 1 1 2 2 2 2 2 2 2 2 2 2 2 3 3 
Case #308: 21 1 1 1 1 1 1 1 1 1 2 2 2 2 2 2 3 3 3 3 3 5 
Case #309: 7 1 1 1 5 5 11 17 
Case #310: 17 1 1 1 1 1 1 2 2 2 2 3 3 3 3 3 5 7 
Case #311: 22 1 1 1 1 1 1 1 1 2 2 2 2 2 2 2 2 2 3 3 3 3 3 
Case #312: 15 1 1 1 2 2 2 2 3 3 3 3 3 5 5 5 
Case #313: -1
Case #314: 21 1 1 1 1 1 1 1 1 1 1 1 2 2 2 2 3 3 3 3 5 5 
Case #315: 23 1 1 1 1 1 1 1 1 1 1 1 1 1 2 2 2 2 2 2 2 2 5 7 
Case #316: 17 1 1 1 1 1 1 1 1 1 1 1 2 2 3 5 7 11 
Case #317: 23 1 1 1 1 1 1 1 1 1 1 1 1 2 2 2 2 2 2 3 3 3 3 5 
Case #318: 16 1 1 1 1 1 1 2 2 2 2 2 3 3 5 7 7 
Case #319: 21 1 1 1 1 1 2 2 2 2 2 2 2 2 2 2 2 2 3 3 3 3 
Case #320: 17 1 1 1 2 2 2 2 2 2 2 2 2 2 3 3 5 7 
Case #321: 20 1 1 1 1 1 1 1 2 2 2 2 2 2 2 2 2 3 3 5 5 
Case #322: -1
Case #323: 13 1 1 1 1 1 2 2 2 2 3 3 5 17 
Case #324: 15 1 1 1 1 1 1 1 1 2 2 2 2 3 11 11 
Case #325: 15 1 1 1 1 1 2 2 2 2 3 3 3 3 5 11 
Case #326: -1
Case #327: 25 1 1 1 1 1 1 1 1 1 1 1 1 1 1 1 1 1 1 1 1 1 1 3 3 13 
Case #328: -1
Case #329: -1
Case #330: 25 1 1 1 1 1 1 1 1 1 1 1 1 1 1 1 1 2 2 2 2 2 2 3 3 7 
Case #331: 16 1 1 1 1 1 1 1 2 2 2 2 2 3 3 7 11 
Case #332: 19 1 1 1 1 1 1 1 1 1 2 2 3 3 3 3 3 3 5 5 
Case #333: 32 1 1 1 1 1 1 1 1 1 1 1 1 1 1 1 1 1 1 1 1 1 1 1 1 1 1 1 2 2 2 3 5 
Case #334: 15 1 1 1 1 1 1 1 2 2 2 2 3 5 7 11 
Case #335: 13 1 1 1 2 2 2 2 3 3 3 3 5 13 
Case #336: 16 1 1 1 2 2 2 2 2 2 2 3 3 3 3 5 7 
Case #337: 19 1 1 1 1 1 1 1 1 2 2 2 2 2 2 3 3 3 5 7 
Case #338: 18 1 1 1 1 1 1 1 1 1 1 1 2 2 2 3 5 5 11 
Case #339: 35 1 1 1 1 1 1 1 1 1 1 1 1 1 1 1 1 1 1 1 1 1 1 1 1 1 1 1 1 1 2 2 2 2 2 2 
Case #340: -1
Case #341: 27 1 1 1 1 1 1 1 1 1 1 1 1 1 1 1 1 1 1 1 2 2 2 2 2 2 5 5 
Case #342: 22 1 1 1 1 1 1 1 1 2 2 2 2 2 2 2 2 2 2 2 2 2 7 
Case #343: 27 1 1 1 1 1 1 1 1 1 1 1 1 1 1 1 1 1 1 1 1 1 1 1 1 3 3 11 
Case #344: 18 1 1 1 1 1 1 2 2 2 3 3 3 3 3 3 3 3 5 
Case #345: 15 1 1 1 1 1 2 2 2 2 3 3 3 3 3 13 
Case #346: -1
Case #347: 20 1 1 1 1 1 1 1 1 1 1 1 1 1 1 1 1 2 3 7 13 
Case #348: 18 1 1 1 1 1 1 1 1 1 1 1 1 2 3 3 3 7 11 
Case #349: 21 1 1 1 1 1 1 1 1 1 1 1 1 1 1 1 1 1 1 1 5 17 
Case #350: -1
Case #351: 20 1 1 1 1 1 1 1 1 2 2 2 2 2 2 2 2 2 3 5 7 
Case #352: 21 1 1 1 1 1 1 1 1 1 1 1 1 1 2 2 3 3 3 5 5 5 
Case #353: -1
Case #354: 18 1 1 1 1 1 1 1 2 2 2 2 2 3 3 3 3 5 7 
Case #355: 15 1 1 1 1 2 2 2 2 2 2 2 2 3 5 13 
Case #356: 37 1 1 1 1 1 1 1 1 1 1 1 1 1 1 1 1 1 1 1 1 1 1 1 1 1 1 1 1 1 1 1 1 1 1 1 1 5 
Case #357: 16 1 1 1 1 1 2 2 2 2 2 3 3 3 3 3 11 
Case #358: 29 1 1 1 1 1 1 1 1 1 1 1 1 1 1 1 1 1 1 1 1 1 1 1 1 1 1 5 5 5 
Case #359: 12 1 1 1 1 1 1 1 1 1 1 2 29 
Case #360: 25 1 1 1 1 1 1 1 1 1 1 1 1 1 1 1 1 1 1 1 3 3 3 3 5 5 
Case #361: 24 1 1 1 1 1 1 1 1 1 1 1 2 2 2 2 2 2 2 2 2 3 3 3 3 
Case #362: 19 1 1 1 1 1 1 1 1 1 1 2 2 2 2 2 2 5 7 7 
Case #363: 16 1 1 1 1 2 2 2 2 2 3 3 3 3 5 5 5 
Case #364: -1
Case #365: 13 1 1 2 2 2 2 2 2 3 5 5 7 7 
Case #366: 16 1 1 1 1 2 2 2 2 2 2 2 3 5 5 5 5 
Case #367: 23 1 1 1 1 1 1 1 1 1 1 1 1 1 1 1 1 1 1 1 1 1 3 17 
Case #368: 26 1 1 1 1 1 1 1 1 1 1 1 1 1 1 1 1 1 1 1 1 1 2 3 3 5 7 
Case #369: -1
Case #370: -1
Case #371: 29 1 1 1 1 1 1 1 1 1 1 1 1 1 1 1 1 1 1 1 1 2 2 2 2 2 2 3 3 3 
Case #372: 12 1 1 1 2 2 2 3 3 5 7 7 7 
Case #373: -1
Case #374: 25 1 1 1 1 1 1 1 1 1 1 1 1 1 1 1 1 1 1 1 2 2 3 5 5 5 
Case #375: 29 1 1 1 1 1 1 1 1 1 1 1 1 1 1 1 1 1 1 1 1 1 1 1 1 1 3 3 3 7 
Case #376: 24 1 1 1 1 1 1 1 1 1 1 1 1 2 2 2 2 2 2 2 2 2 2 2 7 
Case #377: 11 1 1 2 2 2 2 3 5 5 5 13 
Case #378: 14 1 1 1 2 2 2 2 2 2 2 3 3 5 13 
Case #379: -1
Case #380: 22 1 1 1 1 1 1 1 1 1 1 1 1 1 1 2 2 2 3 3 5 5 5 
Case #381: 41 1 1 1 1 1 1 1 1 1 1 1 1 1 1 1 1 1 1 1 1 1 1 1 1 1 1 1 1 1 1 1 1 1 1 1 1 1 1 1 1 1 
Case #382: 12 1 1 1 2 3 3 3 3 3 5 5 11 
Case #383: 23 1 1 1 1 1 1 1 1 1 1 1 1 1 1 1 1 1 2 2 3 5 5 7 
Case #384: 30 1 1 1 1 1 1 1 1 1 1 1 1 1 1 1 1 1 1 1 1 1 1 1 1 1 1 1 1 2 11 
Case #385: 25 1 1 1 1 1 1 1 1 1 1 1 1 1 1 1 1 2 2 3 3 3 3 3 3 3 
Case #386: 15 1 1 1 1 1 1 2 2 2 2 3 3 5 5 11 
Case #387: 17 1 1 1 1 1 1 1 1 1 1 1 2 2 3 5 5 13 
Case #388: 15 1 1 1 1 1 1 1 1 1 2 2 2 2 7 17 
Case #389: 6 2 3 5 7 11 13 
Case #390: 17 1 1 1 1 1 1 1 2 2 3 3 3 3 3 5 5 5 
Case #391: 25 1 1 1 1 1 1 1 1 1 1 1 1 1 2 2 2 2 2 2 2 2 3 3 3 3 
Case #392: 18 1 1 1 2 2 2 2 2 2 2 2 2 3 3 3 3 3 5 
Case #393: 13 1 1 1 1 2 2 3 3 3 3 5 5 11 
Case #394: -1
Case #395: -1
Case #396: -1
Case #397: 21 1 1 1 1 1 1 1 1 1 1 1 2 2 2 2 2 2 2 2 3 11 
Case #398: 21 1 1 1 1 2 2 2 2 2 2 2 2 2 2 2 2 2 2 2 2 5 
Case #399: 19 1 1 1 1 1 1 1 2 2 2 2 2 2 2 2 3 5 5 5 
Case #400: 14 1 1 1 1 1 1 2 3 3 3 3 3 5 13 
Case #401: 14 1 1 1 2 2 2 2 2 3 5 5 5 5 5 
Case #402: 18 1 1 1 1 1 1 2 2 2 2 2 2 2 3 3 5 5 5 
Case #403: 21 1 1 1 1 1 1 1 1 1 1 2 2 2 2 2 2 2 2 5 5 5 
Case #404: 30 1 1 1 1 1 1 1 1 1 1 1 1 1 1 1 1 1 1 1 1 1 1 2 2 2 2 2 3 3 3 
Case #405: -1
Case #406: 22 1 1 1 1 1 1 1 1 1 2 2 2 2 2 2 2 3 3 3 3 3 3 
Case #407: 23 1 1 1 1 1 1 1 1 1 1 1 1 1 2 2 2 2 2 2 3 3 5 5 
Case #408: 16 1 1 1 1 1 1 1 2 2 2 3 3 3 3 5 11 
Case #409: -1
Case #410: 22 1 1 1 1 1 1 1 2 2 2 2 2 2 2 2 2 2 2 2 2 3 5 
Case #411: 27 1 1 1 1 1 1 1 1 1 1 1 1 1 1 1 1 1 2 2 2 2 2 2 3 3 3 3 
Case #412: 13 1 1 1 1 1 1 1 1 1 1 7 11 13 
Case #413: 15 1 1 1 1 1 1 2 2 2 2 3 5 5 7 7 
Case #414: 17 1 1 1 1 1 2 2 2 2 3 3 3 3 3 3 3 7 
Case #415: 3 5 17 19 
Case #416: 13 1 1 1 1 1 2 2 3 3 3 5 5 13 
Case #417: 24 1 1 1 1 1 1 1 1 1 1 1 1 1 1 1 1 2 3 3 3 3 3 3 5 
Case #418: 26 1 1 1 1 1 1 1 1 1 1 1 1 1 1 1 1 1 2 2 2 2 2 2 2 3 7 
Case #419: 23 1 1 1 1 1 1 1 1 1 1 1 1 2 2 2 2 2 2 2 2 3 3 7 
Case #420: 19 1 1 1 1 1 1 1 1 1 1 1 1 2 2 2 2 3 5 13 
Case #421: 21 1 1 1 1 1 1 1 1 1 1 2 2 2 2 2 2 2 2 2 2 11 
Case #422: 24 1 1 1 1 1 1 1 1 1 1 2 2 2 2 2 2 2 2 2 2 2 2 2 5 
Case #423: 16 1 1 1 2 2 2 2 2 2 2 2 2 3 5 5 7 
Case #424: 16 1 1 2 2 2 2 2 2 2 2 2 2 2 3 7 7 
Case #425: 20 1 1 1 1 1 1 1 1 2 2 2 2 2 2 2 3 3 3 3 7 
Case #426: 23 1 1 1 1 1 1 1 1 1 1 1 1 1 1 1 1 1 1 1 1 1 7 13 
Case #427: 22 1 1 1 1 1 1 1 1 1 1 1 1 1 1 1 2 3 3 3 5 5 5 
Case #428: 21 1 1 1 1 1 1 1 1 1 1 1 2 2 2 2 2 2 3 5 5 5 
Case #429: 29 1 1 1 1 1 1 1 1 1 1 1 1 1 1 1 1 1 1 2 2 2 2 2 2 2 2 2 2 3 
Case #430: 19 1 1 1 1 1 1 1 2 2 2 2 3 3 3 3 3 3 3 5 
Case #431: 33 1 1 1 1 1 1 1 1 1 1 1 1 1 1 1 1 1 1 1 1 1 1 1 1 1 1 1 1 2 2 3 3 3 
Case #432: 16 1 1 1 1 1 1 1 2 3 3 3 3 3 5 5 7 
Case #433: 17 1 1 1 1 1 2 2 2 2 2 2 2 2 2 2 3 13 
Case #434: 22 1 1 1 1 1 1 1 1 1 1 2 2 2 2 2 2 2 3 3 3 3 5 
Case #435: 15 1 1 1 2 2 2 2 2 2 3 3 3 5 5 7 
Case #436: 21 1 1 1 1 1 1 1 1 1 1 1 2 2 2 2 2 2 2 2 7 7 
Case #437: -1
Case #438: -1
Case #439: 18 1 1 1 1 1 1 2 2 2 2 2 3 3 3 3 3 5 5 
Case #440: 17 1 1 1 2 2 2 2 2 2 2 2 3 3 3 3 5 5 
Case #441: 17 1 1 1 1 1 1 1 1 1 1 2 2 3 5 5 7 7 
Case #442: 17 1 1 1 1 1 1 1 1 1 1 2 2 3 3 3 7 11 
Case #443: 17 1 1 1 1 1 1 1 1 1 2 2 3 3 3 3 5 11 
Case #444: -1
Case #445: -1
Case #446: 16 1 1 1 1 1 1 1 1 2 2 2 3 3 7 7 7 
Case #447: -1
Case #448: 34 1 1 1 1 1 1 1 1 1 1 1 1 1 1 1 1 1 1 1 1 1 1 1 1 1 1 1 2 2 2 2 2 2 2 
Case #449: 13 1 1 1 1 1 1 2 2 2 2 3 5 19 
Case #450: 20 1 1 1 1 1 1 1 2 2 2 2 2 2 2 3 3 3 3 3 5 
Case #451: 22 1 1 1 1 1 1 1 1 1 1 1 1 1 2 2 2 3 3 3 3 5 5 
Case #452: 24 1 1 1 1 1 1 1 1 1 1 1 1 1 1 2 2 2 2 2 3 3 3 3 5 
Case #453: 25 1 1 1 1 1 1 1 1 1 1 1 1 1 1 1 1 1 1 3 3 3 3 3 3 5 
Case #454: 21 1 1 1 1 1 1 1 1 2 2 2 2 2 2 2 2 2 2 3 5 5 
Case #455: 13 1 1 1 1 1 1 2 2 3 3 5 7 13 
Case #456: -1
Case #457: 10 1 1 1 1 1 2 3 3 5 23 
Case #458: 13 1 1 1 1 2 2 3 3 3 5 5 7 7 
Case #459: -1
Case #460: 30 1 1 1 1 1 1 1 1 1 1 1 1 1 1 1 1 1 1 1 1 1 1 1 1 1 1 2 3 3 7 
Case #461: 22 1 1 1 1 1 1 1 1 1 1 1 1 2 2 2 2 2 2 2 5 5 5 
Case #462: 24 1 1 1 1 1 1 1 1 1 1 1 1 1 1 1 1 2 2 2 2 2 5 5 5 
Case #463: 33 1 1 1 1 1 1 1 1 1 1 1 1 1 1 1 1 1 1 1 1 1 1 1 1 1 1 1 1 1 1 3 3 5 
Case #464: -1
Case #465: 16 1 1 1 1 1 2 2 2 2 2 2 2 3 3 3 13 
Case #466: 25 1 1 1 1 1 1 1 1 1 1 1 1 1 1 2 2 2 2 2 2 3 3 3 3 3 
Case #467: 22 1 1 1 1 1 1 1 1 1 1 1 1 1 1 1 2 2 2 5 5 5 5 
Case #468: 15 1 1 1 1 2 2 2 2 2 2 3 5 5 5 7 
Case #469: 19 1 1 1 1 1 1 1 1 2 2 2 2 2 2 2 2 5 5 7 
Case #470: 13 1 1 1 1 1 2 2 3 3 5 7 7 7 
Case #471: -1
Case #472: -1
Case #473: 17 1 1 1 1 1 2 2 2 2 2 2 3 3 3 3 5 7 
Case #474: 17 1 1 1 1 1 1 1 1 2 2 3 3 3 3 5 5 7 
Case #475: 20 1 1 1 1 1 1 1 1 1 1 1 1 1 2 2 2 3 3 5 11 
Case #476: -1
Case #477: -1
Case #478: 33 1 1 1 1 1 1 1 1 1 1 1 1 1 1 1 1 1 1 1 1 1 1 1 1 1 1 1 1 1 1 1 5 5 
Case #479: -1
Case #480: 17 1 1 1 1 1 1 1 1 1 2 2 2 2 3 7 7 7 
Case #481: 31 1 1 1 1 1 1 1 1 1 1 1 1 1 1 1 1 1 1 1 1 1 1 1 1 1 1 1 1 1 1 11 
Case #482: 20 1 1 1 1 1 1 1 1 1 1 2 2 2 2 2 3 3 3 5 7 
Case #483: 13 1 1 1 1 1 1 1 1 1 1 5 7 19 
Case #484: 21 1 1 1 1 1 1 1 1 1 1 1 1 1 2 2 2 2 3 3 3 11 
Case #485: 19 1 1 1 1 1 1 2 2 2 2 2 2 3 3 3 3 3 3 5 
Case #486: 13 1 1 1 1 2 2 3 3 3 3 3 5 13 
Case #487: 8 1 1 2 2 2 3 13 17 
Case #488: -1
Case #489: 26 1 1 1 1 1 1 1 1 1 1 1 1 1 1 1 2 2 2 2 2 2 2 3 3 3 3 
Case #490: 6 1 1 1 2 17 19 
Case #491: 25 1 1 1 1 1 1 1 1 1 1 1 1 1 1 1 1 1 1 1 2 2 3 3 5 7 
Case #492: 16 1 1 1 1 1 2 2 2 3 3 3 3 3 5 5 5 
Case #493: -1
Case #494: -1
Case #495: 24 1 1 1 1 1 1 1 1 1 1 1 1 1 1 1 2 2 2 2 2 2 2 5 7 
Case #496: 16 1 1 1 1 1 2 2 2 2 2 3 3 3 5 5 7 
Case #497: 17 1 1 1 1 1 1 1 1 2 2 3 3 3 3 3 3 11 
Case #498: 20 1 1 1 1 1 1 2 2 2 2 2 2 2 2 2 2 2 3 3 7 
Case #499: 15 1 1 2 2 2 2 2 2 2 2 2 2 3 5 11 
Case #500: 24 1 1 1 1 1 1 1 1 1 1 1 1 1 1 1 1 1 2 3 3 3 3 5 5 
Case #501: 17 1 1 1 1 2 2 2 2 2 2 2 2 2 2 5 5 7 
Case #502: 21 1 1 1 1 1 1 1 1 1 1 1 1 2 2 2 2 3 3 3 5 7 
Case #503: 14 1 1 1 1 1 1 2 2 2 3 3 3 7 13 
Case #504: 15 1 1 1 1 2 2 3 3 3 3 3 3 3 5 7 
Case #505: 20 1 1 1 1 1 1 1 1 1 1 2 2 2 2 2 2 2 3 3 11 
Case #506: 17 1 1 1 1 1 1 1 2 2 2 2 2 2 3 3 3 13 
Case #507: 16 1 1 1 1 1 2 2 2 2 2 2 2 3 3 5 11 
Case #508: -1
Case #509: 17 1 1 1 1 1 1 1 1 1 2 2 3 3 5 5 5 7 
Case #510: -1
Case #511: 30 1 1 1 1 1 1 1 1 1 1 1 1 1 1 1 1 1 1 1 1 1 1 2 2 2 2 2 2 2 5 
Case #512: 19 1 1 1 1 1 1 1 2 2 2 2 2 2 2 2 2 2 3 11 
Case #513: -1
Case #514: 13 1 1 1 1 1 1 1 2 2 5 5 7 13 
Case #515: 10 1 1 1 1 2 2 2 3 11 17 
Case #516: 11 1 1 1 1 1 2 2 3 3 7 19 
Case #517: 19 1 1 1 1 1 1 1 1 1 1 1 1 2 2 3 5 5 5 7 
Case #518: 18 1 1 1 1 1 1 1 1 2 2 2 2 2 3 3 3 7 7 
Case #519: 31 1 1 1 1 1 1 1 1 1 1 1 1 1 1 1 1 1 1 1 1 1 1 1 1 1 1 2 2 2 2 7 
Case #520: 25 1 1 1 1 1 1 1 1 1 1 1 1 1 1 1 1 1 1 1 1 2 2 5 5 7 
Case #521: -1
Case #522: 19 1 1 1 1 1 1 1 1 1 2 2 2 2 3 3 3 3 5 7 
Case #523: 23 1 1 1 1 1 1 1 1 1 1 1 1 1 1 1 1 2 2 2 2 3 7 7 
Case #524: 18 1 1 1 1 1 2 2 2 3 3 3 3 3 3 3 3 3 3 
Case #525: 22 1 1 1 1 1 1 1 1 1 1 1 1 2 2 2 3 3 3 3 3 3 5 
Case #526: 16 1 1 1 1 1 1 1 1 1 2 2 2 3 3 7 13 
Case #527: 16 1 1 1 1 1 2 2 2 2 2 2 2 3 5 7 7 
Case #528: 18 1 1 1 1 1 1 1 1 1 2 2 2 3 3 5 5 5 5 
Case #529: 18 1 1 1 1 1 1 1 2 2 2 3 3 3 3 3 3 5 5 
Case #530: 19 1 1 1 1 1 1 2 2 2 2 2 2 2 2 2 2 5 5 5 
Case #531: -1
Case #532: 25 1 1 1 1 1 1 1 1 1 1 1 1 1 1 1 1 1 2 2 2 2 3 3 3 7 
Case #533: -1
Case #534: 20 1 1 1 1 1 1 1 1 1 1 2 2 2 3 3 3 3 3 5 5 
Case #535: 23 1 1 1 1 1 1 1 1 1 1 1 1 1 1 1 1 3 3 3 3 3 5 5 
Case #536: 18 1 1 1 1 1 1 1 1 2 2 2 3 3 3 3 3 5 7 
Case #537: 17 1 1 1 1 2 2 2 2 2 2 2 2 3 3 5 5 5 
Case #538: -1
Case #539: -1
Case #540: -1
Case #541: 20 1 1 1 1 1 1 1 1 1 1 1 1 1 1 2 3 5 5 5 7 
Case #542: 12 1 1 1 2 2 2 2 2 3 5 7 13 
Case #543: 20 1 1 1 1 1 1 1 1 1 1 1 1 2 2 2 2 2 3 5 11 
Case #544: 17 1 1 1 2 2 2 2 2 2 3 3 3 3 3 3 3 5 
Case #545: 20 1 1 1 1 1 1 1 1 1 1 1 1 1 2 3 3 3 3 7 7 
Case #546: 18 1 1 1 1 1 1 1 2 3 3 3 3 3 3 3 3 3 5 
Case #547: 9 1 1 1 1 1 1 2 2 31 
Case #548: 29 1 1 1 1 1 1 1 1 1 1 1 1 1 1 1 1 1 1 1 1 1 1 2 2 2 2 2 2 7 
Case #549: -1
Case #550: 17 1 1 1 1 1 1 1 1 1 2 2 2 2 2 2 3 17 
Case #551: -1
Case #552: 25 1 1 1 1 1 1 1 1 1 1 1 1 1 1 1 1 1 1 2 2 2 2 5 5 5 
Case #553: 16 1 1 1 1 1 1 2 2 2 2 2 3 3 3 3 13 
Case #554: 17 1 1 1 1 1 2 2 2 2 2 2 2 2 3 3 7 7 
Case #555: 16 1 1 1 1 1 1 1 1 1 2 2 2 3 5 7 11 
Case #556: 28 1 1 1 1 1 1 1 1 1 1 1 1 1 1 1 1 1 1 1 1 1 1 1 1 1 2 3 11 
Case #557: 17 1 1 1 1 1 2 2 2 2 2 2 3 3 3 5 5 5 
Case #558: 34 1 1 1 1 1 1 1 1 1 1 1 1 1 1 1 1 1 1 1 1 1 1 1 1 1 1 1 1 1 2 2 2 3 3 
Case #559: 18 1 1 1 1 1 2 2 2 2 2 2 2 3 3 3 3 3 7 
Case #560: 24 1 1 1 1 1 1 1 1 1 1 1 1 1 1 1 1 2 2 2 3 3 3 5 5 
Case #561: 21 1 1 1 1 1 1 1 1 1 1 1 2 2 2 2 2 2 3 3 5 7 
Case #562: 11 1 1 1 1 2 2 2 2 3 3 23 
Case #563: 12 1 1 1 2 3 3 5 5 5 5 5 5 
Case #564: 19 1 1 1 1 1 1 1 1 1 2 2 2 2 2 2 3 3 3 11 
Case #565: 11 1 1 1 1 1 1 1 1 1 3 29 
Case #566: 20 1 1 1 1 1 1 1 2 2 2 2 2 3 3 3 3 3 3 3 3 
Case #567: 17 1 1 1 1 1 1 1 1 2 2 2 2 3 3 3 5 11 
Case #568: 15 1 1 1 1 1 1 2 2 2 2 3 3 3 5 13 
Case #569: 22 1 1 1 1 1 1 1 1 1 1 1 1 1 1 2 2 2 3 3 3 5 7 
Case #570: -1
Case #571: 28 1 1 1 1 1 1 1 1 1 1 1 1 1 1 1 1 1 1 1 1 1 1 2 2 2 3 3 7 
Case #572: 19 1 1 1 1 1 1 1 1 1 1 1 2 2 3 3 5 5 5 5 
Case #573: 31 1 1 1 1 1 1 1 1 1 1 1 1 1 1 1 1 1 1 1 1 1 1 2 2 2 2 2 2 2 2 3 
Case #574: 16 1 1 1 1 1 2 2 2 2 2 3 3 3 3 7 7 
Case #575: 10 1 1 2 2 2 2 2 3 7 19 
Case #576: 11 1 1 1 1 1 1 1 1 1 1 31 
Case #577: 17 1 1 1 1 1 1 1 1 2 2 2 2 3 3 5 7 7 
Case #578: -1
Case #579: 15 1 1 1 1 2 2 2 2 2 2 3 3 5 7 7 
Case #580: 16 1 1 1 2 2 2 2 2 3 3 3 3 3 3 5 5 
Case #581: 26 1 1 1 1 1 1 1 1 1 1 1 2 2 2 2 2 2 2 2 2 2 2 2 2 2 2 
Case #582: 18 1 1 1 2 2 2 2 2 2 2 2 2 2 2 3 3 5 5 
Case #583: 23 1 1 1 1 1 1 1 1 1 1 1 2 2 2 2 2 2 2 2 3 3 3 5 
Case #584: -1
Case #585: 21 1 1 1 1 1 1 1 1 1 1 1 1 2 2 3 3 3 3 3 5 5 
Case #586: 27 1 1 1 1 1 1 1 1 1 1 1 1 1 1 1 1 1 1 1 1 1 1 2 2 3 5 7 
Case #587: 10 1 1 2 2 2 3 5 5 7 13 
Case #588: 17 1 1 1 1 1 1 1 1 1 2 2 2 2 2 2 7 13 
Case #589: 17 1 1 1 1 1 1 1 1 1 1 1 2 2 3 3 3 17 
Case #590: 14 1 1 1 1 2 2 2 2 2 3 3 3 7 11 
Case #591: 13 1 1 1 1 2 2 2 2 2 2 5 7 13 
Case #592: 39 1 1 1 1 1 1 1 1 1 1 1 1 1 1 1 1 1 1 1 1 1 1 1 1 1 1 1 1 1 1 1 1 1 1 1 1 1 2 2 
Case #593: 12 1 1 2 2 2 2 2 2 2 3 5 17 
Case #594: 17 1 1 1 1 1 1 1 1 1 1 2 2 3 3 7 7 7 
Case #595: 17 1 1 1 1 1 1 1 2 2 3 3 3 3 3 3 5 7 
Case #596: 16 1 1 1 2 2 2 2 2 2 2 3 3 3 5 5 5 
Case #597: 8 1 1 1 2 2 2 3 29 
Case #598: 16 1 1 1 1 1 1 2 2 2 3 3 3 5 5 5 5 
Case #599: 17 1 1 1 1 1 2 2 2 2 3 3 3 3 3 3 5 5 
Case #600: -1
Case #601: -1
Case #602: 19 1 1 1 1 1 1 2 2 2 2 2 2 2 2 3 3 3 3 7 
Case #603: 20 1 1 1 1 1 1 2 2 2 2 2 2 2 2 2 2 2 3 5 5 
Case #604: 20 1 1 1 1 1 1 1 1 1 1 1 1 1 1 2 2 2 3 7 11 
Case #605: 32 1 1 1 1 1 1 1 1 1 1 1 1 1 1 1 1 1 1 1 1 1 1 1 1 1 1 2 2 2 3 3 3 
Case #606: -1
Case #607: 36 1 1 1 1 1 1 1 1 1 1 1 1 1 1 1 1 1 1 1 1 1 1 1 1 1 1 1 1 1 1 1 2 2 2 2 2 
Case #608: 20 1 1 1 1 1 1 1 1 1 1 2 3 3 3 3 3 3 3 3 5 
Case #609: 12 1 1 1 1 1 2 3 3 5 5 5 13 
Case #610: 13 1 1 1 2 2 2 2 3 3 3 5 5 11 
Case #611: -1
Case #612: 20 1 1 1 1 1 1 1 1 1 1 1 1 2 2 2 3 3 3 3 11 
Case #613: -1
Case #614: -1
Case #615: 23 1 1 1 1 1 1 1 1 1 1 1 1 1 2 2 2 2 3 3 3 3 3 5 
Case #616: 35 1 1 1 1 1 1 1 1 1 1 1 1 1 1 1 1 1 1 1 1 1 1 1 1 1 1 1 1 1 1 2 2 2 2 3 
Case #617: 16 1 1 1 1 1 1 1 1 2 2 2 3 5 5 7 7 
Case #618: 13 1 1 1 1 1 2 2 2 2 3 3 11 11 
Case #619: 35 1 1 1 1 1 1 1 1 1 1 1 1 1 1 1 1 1 1 1 1 1 1 1 1 1 1 1 1 1 1 1 1 1 3 5 
Case #620: 26 1 1 1 1 1 1 1 1 1 1 1 1 1 1 1 1 1 1 2 3 3 3 3 3 3 3 
Case #621: 33 1 1 1 1 1 1 1 1 1 1 1 1 1 1 1 1 1 1 1 1 1 1 1 1 1 1 1 1 1 2 2 3 5 
Case #622: 15 1 1 1 1 2 2 2 2 2 2 3 3 3 5 11 
Case #623: -1
Case #624: 16 1 1 1 1 2 2 2 2 2 2 2 2 2 5 7 7 
Case #625: 40 1 1 1 1 1 1 1 1 1 1 1 1 1 1 1 1 1 1 1 1 1 1 1 1 1 1 1 1 1 1 1 1 1 1 1 1 1 1 1 2 
Case #626: 16 1 1 1 1 2 2 2 2 2 2 2 2 2 3 5 11 
Case #627: -1
Case #628: 7 1 1 1 1 1 17 19 
Case #629: 19 1 1 1 1 1 1 1 1 2 2 3 3 3 3 3 3 3 3 5 
Case #630: 13 1 1 1 1 2 2 2 2 2 2 3 5 17 
Case #631: 15 1 1 1 1 1 2 2 2 2 2 2 2 2 3 17 
Case #632: 20 1 1 1 1 1 1 2 2 2 2 2 2 2 2 2 3 3 3 3 5 
Case #633: 24 1 1 1 1 1 1 1 1 1 1 1 1 1 1 1 1 2 2 2 3 3 3 3 7 
Case #634: 12 1 1 2 2 2 2 2 3 5 5 5 11 
Case #635: -1
Case #636: 27 1 1 1 1 1 1 1 1 1 1 1 1 1 1 1 1 1 1 1 1 1 3 3 3 3 3 5 
Case #637: 25 1 1 1 1 1 1 1 1 1 1 1 1 1 1 1 2 2 2 2 2 2 3 3 3 5 
Case #638: -1
Case #639: 17 1 1 1 1 1 1 1 1 2 2 2 2 3 5 5 5 7 
Case #640: 18 1 1 1 1 1 1 1 1 2 2 2 2 2 3 3 3 3 11 
Case #641: -1
Case #642: -1
Case #643: 17 1 1 1 1 1 2 2 3 3 3 3 3 3 3 3 3 5 
Case #644: -1
Case #645: 15 1 1 1 1 1 2 2 3 3 3 3 5 5 5 5 
Case #646: 33 1 1 1 1 1 1 1 1 1 1 1 1 1 1 1 1 1 1 1 1 1 1 1 1 1 1 1 1 1 1 2 2 7 
Case #647: 32 1 1 1 1 1 1 1 1 1 1 1 1 1 1 1 1 1 1 1 1 1 1 1 1 1 1 1 1 2 2 2 7 
Case #648: 16 1 1 1 1 1 1 1 1 1 1 2 3 3 5 7 11 
Case #649: 22 1 1 1 2 2 2 2 2 2 2 2 2 2 2 2 2 2 2 2 2 2 2 
Case #650: 22 1 1 1 1 1 1 1 1 1 1 1 1 1 1 2 2 2 2 2 3 3 11 
Case #651: 20 1 1 1 1 1 2 2 2 2 2 2 2 2 2 2 2 2 2 3 7 
Case #652: 20 1 1 1 1 1 1 1 1 1 1 2 2 2 2 2 2 2 3 7 7 
Case #653: 13 1 1 1 2 2 2 2 3 3 5 5 7 7 
Case #654: 19 1 1 1 1 1 1 1 1 1 3 3 3 3 3 3 3 3 3 5 
Case #655: 21 1 1 1 1 1 1 1 1 2 2 2 2 2 2 2 2 2 2 3 3 7 
Case #656: 22 1 1 1 1 1 1 1 1 1 1 2 2 2 2 2 2 2 2 2 3 3 7 
Case #657: -1
Case #658: 19 1 1 1 1 1 1 1 1 1 1 1 2 2 2 2 3 3 3 13 
Case #659: 16 1 1 1 1 2 2 2 2 2 2 2 3 3 3 7 7 
Case #660: 18 1 1 1 1 1 1 1 1 2 2 2 2 2 3 5 5 5 5 
Case #661: 24 1 1 1 1 1 1 1 1 1 1 1 1 2 2 2 2 2 2 2 2 2 3 3 5 
Case #662: 19 1 1 1 1 1 1 1 1 1 1 1 2 2 2 2 2 2 5 13 
Case #663: 9 1 1 2 2 2 2 3 11 17 
Case #664: 21 1 1 1 1 1 1 1 1 2 2 2 2 2 2 2 2 3 3 3 3 5 
Case #665: 20 1 1 1 1 1 1 1 1 1 1 1 2 2 2 2 2 3 5 5 7 
Case #666: 18 1 1 1 1 1 1 1 1 2 2 2 3 3 3 3 5 5 5 
Case #667: 22 1 1 1 1 1 1 1 1 1 1 1 1 2 2 2 2 2 3 3 3 5 5 
Case #668: 26 1 1 1 1 1 1 1 1 1 1 1 1 1 1 1 1 1 1 2 2 2 2 2 3 5 5 
Case #669: -1
Case #670: 26 1 1 1 1 1 1 1 1 1 1 1 1 1 1 2 2 2 2 2 2 2 2 2 3 3 3 
Case #671: -1
Case #672: 32 1 1 1 1 1 1 1 1 1 1 1 1 1 1 1 1 1 1 1 1 1 1 1 1 1 2 2 2 2 2 3 3 
Case #673: 19 1 1 1 1 1 1 1 1 1 1 2 2 3 3 3 3 3 5 7 
Case #674: -1
Case #675: 16 1 1 1 1 1 1 1 1 2 2 2 3 3 5 5 11 
Case #676: 17 1 1 1 1 1 1 1 1 2 2 3 3 3 3 3 7 7 
Case #677: -1
Case #678: -1
Case #679: -1
Case #680: 24 1 1 1 1 1 1 1 1 1 1 2 2 2 2 2 2 2 2 2 2 2 3 3 3 
Case #681: -1
Case #682: -1
Case #683: 17 1 1 1 1 2 2 2 2 3 3 3 3 3 3 3 3 5 
Case #684: 22 1 1 1 1 1 1 1 1 1 1 2 2 2 2 2 2 2 2 2 3 5 5 
Case #685: 10 1 1 1 2 3 3 5 5 7 13 
Case #686: 29 1 1 1 1 1 1 1 1 1 1 1 1 1 1 1 1 1 1 1 2 2 2 2 2 2 2 2 3 3 
Case #687: -1
Case #688: 15 1 1 1 1 1 1 2 2 2 2 5 5 5 5 7 
Case #689: 14 1 1 1 1 1 1 2 2 2 3 3 3 3 17 
Case #690: 14 1 1 1 1 2 2 2 2 2 3 3 3 5 13 
Case #691: 16 1 1 1 1 1 2 2 2 2 2 3 3 5 5 5 5 
Case #692: 19 1 1 1 1 1 1 1 1 1 1 2 2 2 2 3 3 5 5 7 
Case #693: 20 1 1 1 1 1 1 1 1 1 1 1 1 1 1 2 2 2 5 5 11 
Case #694: 15 1 1 1 1 2 2 3 3 3 3 3 3 5 5 5 
Case #695: 21 1 1 1 1 1 1 1 1 1 1 1 1 1 1 1 1 1 1 1 3 19 
Case #696: -1
Case #697: 21 1 1 1 1 1 1 2 2 2 2 2 2 2 2 2 2 2 2 3 3 5 
Case #698: 17 1 1 1 1 1 1 1 1 2 2 2 2 5 5 5 5 5 
Case #699: -1
Case #700: 32 1 1 1 1 1 1 1 1 1 1 1 1 1 1 1 1 1 1 1 1 1 1 1 1 1 1 1 1 2 3 3 5 
Case #701: 31 1 1 1 1 1 1 1 1 1 1 1 1 1 1 1 1 1 1 1 1 1 1 1 1 1 1 1 1 3 5 5 
Case #702: 28 1 1 1 1 1 1 1 1 1 1 1 1 1 1 1 1 1 1 1 2 2 2 2 2 2 2 3 5 
Case #703: 21 1 1 1 1 1 1 1 1 1 2 2 2 2 3 3 3 3 3 3 3 3 
Case #704: 14 1 1 1 2 2 2 2 2 3 3 5 5 5 7 
Case #705: 11 1 1 1 2 2 2 2 3 3 7 17 
Case #706: 20 1 1 1 1 1 1 1 1 1 1 1 2 2 2 3 3 3 5 5 5 
Case #707: 19 1 1 1 1 1 2 2 2 2 2 2 2 2 2 2 3 3 3 7 
Case #708: 18 1 1 1 1 1 1 1 1 1 2 2 2 3 3 3 5 5 7 
Case #709: 15 1 1 1 1 2 2 2 2 3 3 3 3 5 5 7 
Case #710: -1
Case #711: 14 1 1 1 1 1 1 2 2 2 3 3 5 5 13 
Case #712: 24 1 1 1 1 1 1 1 1 1 1 1 1 1 1 1 1 1 2 2 2 3 3 5 7 
Case #713: 26 1 1 1 1 1 1 1 1 1 1 1 1 1 1 1 1 1 1 1 1 1 1 1 2 5 11 
Case #714: 5 1 1 3 17 19 
Case #715: -1
Case #716: 36 1 1 1 1 1 1 1 1 1 1 1 1 1 1 1 1 1 1 1 1 1 1 1 1 1 1 1 1 1 1 1 1 1 2 3 3 
Case #717: 26 1 1 1 1 1 1 1 1 1 1 1 1 1 1 1 1 1 1 2 2 2 2 2 3 3 7 
Case #718: 14 1 1 1 2 3 3 3 3 3 3 3 5 5 5 
Case #719: 18 1 1 1 1 1 2 2 2 2 2 3 3 3 3 3 3 3 5 
Case #720: 15 1 1 1 1 2 2 2 2 2 2 5 5 5 5 5 
Case #721: 16 1 1 1 1 1 1 1 2 2 2 3 3 5 5 5 7 
Case #722: 21 1 1 1 1 1 1 1 1 1 1 1 1 1 1 1 3 3 5 5 5 5 
Case #723: -1
Case #724: 28 1 1 1 1 1 1 1 1 1 1 1 1 1 1 1 1 1 1 2 2 2 2 2 2 2 3 3 3 
Case #725: -1
Case #726: -1
Case #727: -1
Case #728: 19 1 1 1 1 1 1 1 1 1 1 1 1 1 2 2 3 3 5 13 
Case #729: 19 1 1 1 1 1 1 1 1 1 1 1 1 1 1 1 1 1 7 17 
Case #730: 26 1 1 1 1 1 1 1 1 1 1 1 1 1 1 1 1 1 2 2 2 2 2 3 3 3 5 
Case #731: 18 1 1 1 1 2 2 2 2 2 2 2 2 2 3 3 3 5 5 
Case #732: 17 1 1 1 1 1 1 1 1 2 2 3 3 3 5 5 5 5 
Case #733: 18 1 1 1 1 1 1 1 1 1 2 2 2 2 2 3 3 3 13 
Case #734: 23 1 1 1 1 1 1 1 1 2 2 2 2 2 2 2 2 2 2 2 2 2 2 5 
Case #735: 24 1 1 1 1 1 1 1 1 1 1 1 1 1 2 2 2 2 2 2 2 2 2 5 5 
Case #736: 20 1 1 1 1 1 1 1 1 1 1 1 2 2 2 2 2 3 3 3 11 
Case #737: 12 1 1 2 2 2 2 2 2 2 3 11 11 
Case #738: 17 1 1 1 1 2 2 2 2 2 2 2 2 2 2 3 7 7 
Case #739: 17 1 1 1 1 1 1 2 2 2 2 2 2 3 3 3 3 11 
Case #740: -1
Case #741: 23 1 1 1 1 1 1 1 1 1 1 1 2 2 2 2 2 2 2 2 2 2 3 7 
Case #742: 15 1 1 1 1 1 1 1 1 2 2 2 2 7 7 11 
Case #743: 20 1 1 1 1 1 1 1 1 1 2 2 2 2 2 2 2 3 5 5 5 
Case #744: 15 1 1 1 1 1 1 2 2 2 2 3 3 7 7 7 
Case #745: 31 1 1 1 1 1 1 1 1 1 1 1 1 1 1 1 1 1 1 1 1 1 1 1 1 1 1 1 1 1 5 7 
Case #746: 18 1 1 1 1 1 1 1 1 1 2 2 2 3 3 3 3 7 7 
Case #747: -1
Case #748: 20 1 1 1 1 1 1 1 1 1 1 1 2 2 2 2 2 2 2 5 11 
Case #749: 16 1 1 1 1 1 1 2 2 2 3 3 3 3 3 7 7 
Case #750: 10 1 1 2 2 2 3 5 7 7 11 
Case #751: 14 1 1 1 1 1 1 2 2 2 3 3 5 7 11 
Case #752: 17 1 1 1 1 1 1 1 2 2 2 2 2 2 3 5 7 7 
Case #753: 30 1 1 1 1 1 1 1 1 1 1 1 1 1 1 1 1 1 1 1 1 1 1 1 1 1 1 1 2 5 7 
Case #754: -1
Case #755: 23 1 1 1 1 1 1 1 2 2 2 2 2 2 2 2 2 2 2 2 2 2 3 3 
Case #756: 20 1 1 1 2 2 2 2 2 2 2 2 2 2 2 2 2 2 2 3 5 
Case #757: -1
Case #758: 27 1 1 1 1 1 1 1 1 1 1 1 1 1 1 2 2 2 2 2 2 2 2 2 2 2 2 3 
Case #759: 13 1 1 1 1 1 2 2 2 2 3 5 7 13 
Case #760: 14 1 1 1 2 2 2 2 2 3 3 3 5 7 7 
Case #761: 23 1 1 1 1 1 1 1 1 1 1 1 2 2 2 2 2 2 2 2 2 2 5 5 
Case #762: 27 1 1 1 1 1 1 1 1 1 1 1 1 1 1 1 1 1 1 1 1 2 2 3 3 3 3 5 
Case #763: 14 1 1 1 2 2 2 3 3 3 3 5 5 5 5 
Case #764: 18 1 1 1 1 1 1 1 1 1 2 3 3 3 3 3 3 5 7 
Case #765: 19 1 1 1 1 1 1 1 1 1 1 2 2 2 2 3 3 3 3 11 
Case #766: 15 1 1 1 1 1 1 2 2 3 3 3 5 5 5 7 
Case #767: 27 1 1 1 1 1 1 1 1 1 1 1 1 1 1 1 1 1 1 1 2 2 2 2 3 3 3 5 
Case #768: 9 1 1 1 1 1 1 1 3 31 
Case #769: 23 1 1 1 1 1 1 1 1 1 1 1 1 1 2 2 2 2 2 2 3 3 3 7 
Case #770: 21 1 1 1 1 2 2 2 2 2 2 2 2 2 2 2 2 2 2 3 3 3 
Case #771: 18 1 1 1 1 1 1 1 1 1 1 2 2 2 3 5 5 5 7 
Case #772: 20 1 1 1 1 1 1 1 1 1 1 1 2 2 2 3 3 3 3 5 7 
Case #773: 20 1 1 2 2 2 2 2 2 2 2 2 2 2 2 2 2 2 2 2 5 
Case #774: -1
Case #775: 12 1 1 1 2 2 2 3 3 5 5 5 11 
Case #776: 22 1 1 1 1 1 1 1 1 1 1 1 2 2 2 2 2 2 2 2 2 5 7 
Case #777: 14 1 1 1 1 1 2 2 2 3 5 5 5 5 7 
Case #778: 28 1 1 1 1 1 1 1 1 1 1 1 1 1 1 1 1 1 1 1 1 1 2 2 2 2 2 3 7 
Case #779: 28 1 1 1 1 1 1 1 1 1 1 1 1 1 1 1 1 2 2 2 2 2 2 2 2 2 2 2 3 
Case #780: 31 1 1 1 1 1 1 1 1 1 1 1 1 1 1 1 1 1 1 1 1 1 1 1 2 2 2 2 2 2 3 3 
Case #781: -1
Case #782: 17 1 1 1 1 1 2 2 2 2 2 2 2 2 3 5 5 7 
Case #783: 22 1 1 1 1 1 1 2 2 2 2 2 2 2 2 2 2 2 2 2 3 3 3 
Case #784: -1
Case #785: 21 1 1 1 1 1 2 2 2 2 2 2 2 2 2 2 2 2 2 2 3 5 
Case #786: 28 1 1 1 1 1 1 1 1 1 1 1 1 1 1 1 1 1 1 1 2 2 2 2 2 3 3 3 3 
Case #787: 21 1 1 1 1 1 1 1 1 1 1 1 1 2 2 2 2 2 2 3 7 7 
Case #788: -1
Case #789: 14 1 1 1 1 1 1 2 3 3 3 3 5 5 11 
Case #790: -1
Case #791: 24 1 1 1 1 1 1 1 1 1 1 1 1 1 1 2 2 2 2 2 2 2 3 3 7 
Case #792: 32 1 1 1 1 1 1 1 1 1 1 1 1 1 1 1 1 1 1 1 1 1 1 1 1 1 1 1 1 1 2 3 7 
Case #793: -1
Case #794: -1
Case #795: 31 1 1 1 1 1 1 1 1 1 1 1 1 1 1 1 1 1 1 1 1 1 1 1 1 1 1 1 1 3 3 7 
Case #796: -1
Case #797: 21 1 1 1 1 1 1 1 1 1 1 1 1 1 1 2 2 2 2 3 5 11 
Case #798: 10 1 1 1 1 2 3 3 5 7 17 
Case #799: 21 1 1 1 1 1 1 1 2 2 2 2 2 2 2 2 3 3 3 3 3 3 
Case #800: 10 1 1 1 2 2 2 3 7 11 11 
Case #801: 23 1 1 1 1 1 1 1 1 1 1 1 1 1 1 1 1 1 2 2 3 3 7 7 
Case #802: 25 1 1 1 1 1 1 1 1 1 1 1 1 1 1 1 2 2 2 2 3 3 3 3 3 3 
Case #803: 23 1 1 1 1 1 1 1 1 1 1 1 1 1 1 1 1 1 1 3 3 3 7 7 
Case #804: 18 1 1 1 1 1 2 2 2 2 2 2 2 2 2 2 2 3 11 
Case #805: 24 1 1 1 1 1 1 1 1 1 1 1 1 1 1 1 1 1 1 2 3 3 3 5 7 
Case #806: -1
Case #807: -1
Case #808: -1
Case #809: -1
Case #810: 23 1 1 1 1 1 1 1 1 1 1 2 2 2 2 2 2 2 2 3 3 3 3 3 
Case #811: -1
Case #812: 18 1 1 1 1 1 1 1 2 2 2 2 2 2 2 3 3 7 7 
Case #813: 28 1 1 1 1 1 1 1 1 1 1 1 1 1 1 1 1 1 1 1 1 1 1 1 1 2 2 2 11 
Case #814: -1
Case #815: 16 1 1 1 1 1 1 2 3 3 3 3 3 3 5 5 5 
Case #816: -1
Case #817: 19 1 1 1 1 1 1 1 1 1 1 1 1 1 1 1 1 1 5 19 
Case #818: 28 1 1 1 1 1 1 1 1 1 1 1 1 1 1 1 1 1 1 1 1 2 2 2 2 2 3 3 5 
Case #819: 12 1 1 1 2 3 3 3 5 5 5 5 7 
Case #820: 33 1 1 1 1 1 1 1 1 1 1 1 1 1 1 1 1 1 1 1 1 1 1 1 1 1 1 1 1 1 3 3 3 3 
Case #821: -1
Case #822: -1
Case #823: 14 1 1 1 1 1 2 2 2 2 2 3 5 5 13 
Case #824: 11 1 1 1 1 2 2 3 3 3 5 19 
Case #825: 13 1 1 1 1 2 2 2 2 2 2 3 11 11 
Case #826: -1
Case #827: -1
Case #828: 36 1 1 1 1 1 1 1 1 1 1 1 1 1 1 1 1 1 1 1 1 1 1 1 1 1 1 1 1 1 1 1 1 1 1 2 5 
Case #829: 15 1 1 1 1 1 1 1 1 2 2 3 3 5 7 11 
Case #830: 35 1 1 1 1 1 1 1 1 1 1 1 1 1 1 1 1 1 1 1 1 1 1 1 1 1 1 1 1 1 1 1 1 2 2 5 
Case #831: 18 1 1 1 1 1 1 2 2 2 2 2 2 2 2 2 5 5 7 
Case #832: 14 1 1 1 1 2 2 2 2 2 2 2 3 7 13 
Case #833: 18 1 1 1 1 1 1 1 2 2 2 2 2 3 3 3 5 5 5 
Case #834: 29 1 1 1 1 1 1 1 1 1 1 1 1 1 1 1 1 1 1 1 1 1 1 1 1 2 2 3 5 5 
Case #835: 34 1 1 1 1 1 1 1 1 1 1 1 1 1 1 1 1 1 1 1 1 1 1 1 1 1 1 1 1 1 1 2 3 3 3 
Case #836: 21 1 1 1 1 1 1 1 1 1 1 1 1 2 2 2 2 3 3 5 5 5 
Case #837: -1
Case #838: 18 1 1 1 1 1 1 2 2 2 2 2 3 3 3 3 3 3 7 
Case #839: 20 1 1 1 1 2 2 2 2 2 2 2 2 2 2 2 2 2 3 3 5 
Case #840: -1
Case #841: 15 1 1 1 2 2 2 2 2 2 2 2 3 3 5 11 
Case #842: 14 1 1 1 1 1 1 2 2 2 5 5 5 7 7 
Case #843: 29 1 1 1 1 1 1 1 1 1 1 1 1 1 1 1 1 1 1 1 1 1 1 1 1 1 1 2 2 11 
Case #844: 19 1 1 1 1 1 2 2 2 2 2 2 2 2 2 2 3 3 5 5 
Case #845: 12 1 1 1 2 2 2 3 3 3 5 5 13 
Case #846: 28 1 1 1 1 1 1 1 1 1 1 1 1 1 1 1 1 1 1 1 1 1 1 2 3 3 3 3 5 
Case #847: 26 1 1 1 1 1 1 1 1 1 1 1 1 2 2 2 2 2 2 2 2 2 2 2 2 2 3 
Case #848: 29 1 1 1 1 1 1 1 1 1 1 1 1 1 1 1 1 1 1 1 1 1 1 1 1 1 1 3 5 7 
Case #849: 35 1 1 1 1 1 1 1 1 1 1 1 1 1 1 1 1 1 1 1 1 1 1 1 1 1 1 1 1 1 1 1 2 2 3 3 
Case #850: 13 1 1 1 1 1 1 2 2 5 5 7 7 7 
Case #851: -1
Case #852: 14 1 1 1 1 1 2 2 2 2 2 2 2 3 19 
Case #853: 21 1 1 1 1 1 1 1 1 1 1 1 1 1 1 1 3 3 3 5 5 7 
Case #854: 14 1 1 1 2 2 2 2 2 2 2 3 3 7 11 
Case #855: 12 1 1 1 2 2 2 2 2 3 3 11 11 
Case #856: 19 1 1 1 1 2 2 2 2 2 2 2 2 2 2 2 2 3 5 5 
Case #857: 12 1 1 1 1 2 3 3 5 5 5 7 7 
Case #858: 22 1 1 1 1 1 2 2 2 2 2 2 2 2 2 2 2 2 2 2 2 3 3 
Case #859: 30 1 1 1 1 1 1 1 1 1 1 1 1 1 1 1 1 1 1 1 1 1 1 1 1 2 2 2 2 2 7 
Case #860: 18 1 1 1 1 1 1 1 1 1 1 1 1 1 2 3 5 7 11 
Case #861: 22 1 1 1 1 1 1 1 2 2 2 2 2 2 2 2 2 2 2 3 3 3 3 
Case #862: 17 1 1 1 1 1 1 2 2 2 2 2 2 2 2 3 3 13 
Case #863: 16 1 1 1 1 1 1 1 1 1 1 2 3 3 3 7 13 
Case #864: 18 1 1 1 1 1 1 1 1 1 1 2 2 2 2 2 3 7 11 
Case #865: 14 1 1 1 1 1 1 1 2 2 2 5 5 7 11 
Case #866: 3 11 13 17 
Case #867: -1
Case #868: 13 1 1 1 1 1 1 2 2 3 3 3 5 17 
Case #869: 15 1 1 1 1 1 2 2 2 2 3 5 5 5 5 5 
Case #870: 19 1 1 1 1 1 1 1 1 1 1 1 1 2 2 2 2 3 7 11 
Case #871: 27 1 1 1 1 1 1 1 1 1 1 1 1 1 1 1 1 1 1 1 1 1 2 2 3 3 5 5 
Case #872: 15 1 1 1 1 1 2 2 2 2 2 2 3 3 5 13 
Case #873: 18 1 1 2 2 2 2 2 2 2 2 2 2 2 2 2 3 5 5 
Case #874: 17 1 1 1 1 1 1 2 2 2 2 2 2 3 5 5 5 5 
Case #875: 18 1 1 1 1 1 1 1 1 1 1 1 2 2 2 3 3 5 13 
Case #876: 26 1 1 1 1 1 1 1 1 1 1 1 1 1 1 1 1 2 2 2 2 2 3 3 3 3 3 
Case #877: 16 1 1 1 1 1 1 1 1 1 2 2 2 2 2 3 19 
Case #878: 14 1 1 1 2 2 2 2 2 2 2 3 5 5 11 
Case #879: 18 1 1 1 1 1 1 1 1 1 1 1 1 2 3 3 3 5 13 
Case #880: -1
Case #881: 10 1 1 1 2 3 3 3 5 11 11 
Case #882: 20 1 1 1 1 1 1 1 1 1 1 1 1 1 2 3 3 3 3 3 11 
Case #883: 17 1 1 1 1 1 1 1 2 2 2 2 3 3 3 5 5 7 
Case #884: 18 1 1 1 1 1 1 1 1 1 1 1 1 2 2 2 5 5 13 
Case #885: 22 1 1 1 1 1 1 1 1 1 1 1 1 1 2 2 2 2 2 3 5 5 5 
Case #886: -1
Case #887: 16 1 1 1 1 1 1 1 1 1 2 2 2 2 2 5 17 
Case #888: 20 1 1 1 1 1 1 1 1 1 1 1 1 1 1 2 3 3 5 7 7 
Case #889: 20 1 1 1 1 1 1 2 2 2 2 2 2 2 3 3 3 3 3 3 3 
Case #890: 22 1 1 1 1 1 1 1 1 1 1 1 1 1 1 2 2 2 2 2 3 7 7 
Case #891: 5 1 1 1 1 37 
Case #892: 14 1 1 1 1 1 2 2 2 2 2 3 3 3 17 
Case #893: -1
Case #894: 25 1 1 1 1 1 1 1 1 1 1 1 1 1 1 1 1 1 1 1 1 1 1 1 7 11 
Case #895: 12 1 1 2 2 2 2 2 3 5 7 7 7 
Case #896: 16 1 1 1 1 1 1 2 2 2 3 3 3 3 3 3 11 
Case #897: 19 1 1 1 1 1 1 1 1 2 2 2 2 3 3 3 3 3 3 7 
Case #898: -1
Case #899: 15 1 1 1 2 2 2 2 3 3 3 3 3 3 5 7 
Case #900: 24 1 1 1 1 1 1 1 1 1 1 1 1 1 2 2 2 2 2 2 2 3 3 3 5 
Case #901: 19 1 1 1 1 1 1 1 1 1 1 2 2 2 2 3 3 3 7 7 
Case #902: 23 1 1 1 1 1 1 2 2 2 2 2 2 2 2 2 2 2 2 2 2 2 2 3 
Case #903: 16 1 1 1 1 1 1 1 1 1 1 1 2 3 5 7 13 
Case #904: 34 1 1 1 1 1 1 1 1 1 1 1 1 1 1 1 1 1 1 1 1 1 1 1 1 1 1 1 1 2 2 2 2 2 3 
Case #905: 14 1 1 2 2 2 2 2 2 2 3 5 5 5 7 
Case #906: 23 1 1 1 1 1 1 1 1 1 1 1 1 1 1 2 2 2 2 2 2 5 5 5 
Case #907: 27 1 1 1 1 1 1 1 1 1 1 1 1 1 1 1 1 2 2 2 2 2 2 2 2 2 2 5 
Case #908: 18 1 1 1 1 1 1 1 2 2 2 2 2 2 2 3 5 5 7 
Case #909: 10 1 1 2 2 2 2 2 3 13 13 
Case #910: -1
Case #911: 22 1 1 1 1 1 1 1 1 1 1 1 1 1 2 2 2 2 2 3 3 5 7 
Case #912: 26 1 1 1 1 1 1 1 1 1 1 1 1 1 1 1 1 1 1 1 2 2 2 3 3 5 5 
Case #913: -1
Case #914: 17 1 1 1 1 1 1 1 1 2 2 2 2 2 2 7 7 7 
Case #915: 11 1 1 2 2 2 2 2 2 3 11 13 
Case #916: 12 1 1 1 2 2 2 2 2 3 3 5 17 
Case #917: 20 1 1 1 1 1 1 1 1 1 2 2 2 2 2 3 3 3 3 3 7 
Case #918: 17 1 1 1 1 1 1 2 2 2 2 3 3 3 3 5 5 5 
Case #919: -1
Case #920: 22 1 1 1 1 1 1 1 1 1 1 1 1 2 2 2 2 2 2 2 3 5 7 
Case #921: 17 1 1 1 1 1 1 1 1 1 1 1 1 1 1 2 2 23 
Case #922: 24 1 1 1 1 1 1 1 1 1 1 1 1 2 2 2 2 2 2 2 3 3 3 3 3 
Case #923: 20 1 1 1 1 1 1 1 1 1 1 1 1 1 1 1 1 1 2 5 17 
Case #924: 14 1 1 1 2 2 2 3 3 3 3 3 5 5 7 
Case #925: -1
Case #926: 28 1 1 1 1 1 1 1 1 1 1 1 1 1 1 1 1 1 1 2 2 2 2 2 2 2 2 2 5 
Case #927: 22 1 1 1 1 1 1 1 1 1 1 1 1 1 1 2 2 2 2 2 5 5 7 
Case #928: 16 1 1 1 1 1 1 1 1 1 1 2 2 2 7 7 11 
Case #929: -1
Case #930: 22 1 1 1 1 1 1 1 1 1 1 1 2 2 2 3 3 3 3 3 3 3 3 
Case #931: 24 1 1 1 1 1 1 1 1 1 1 1 1 1 1 1 1 1 2 2 2 2 2 3 11 
Case #932: 15 1 1 1 1 1 1 1 2 2 3 3 3 5 5 11 
Case #933: 13 1 1 1 1 1 2 2 2 2 3 3 3 19 
Case #934: 19 1 1 1 1 1 1 1 1 1 1 1 1 1 1 1 1 1 1 23 
Case #935: 24 1 1 1 1 1 1 1 1 1 1 1 1 1 1 1 1 1 1 1 1 1 1 2 17 
Case #936: 13 1 1 1 1 1 2 2 3 3 3 3 7 13 
Case #937: 16 1 1 1 1 1 1 1 1 2 2 2 2 2 3 3 17 
Case #938: 27 1 1 1 1 1 1 1 1 1 1 1 1 1 1 1 1 1 1 1 1 1 1 1 1 2 2 13 
Case #939: -1
Case #940: 14 1 1 1 2 2 2 2 2 3 3 3 3 5 11 
Case #941: 17 1 1 1 1 1 1 1 1 1 1 1 1 2 2 7 7 11 
Case #942: 12 1 1 1 1 1 2 2 2 3 3 5 19 
Case #943: 21 1 1 1 2 2 2 2 2 2 2 2 2 2 2 2 2 2 2 2 3 3 
Case #944: -1
Case #945: 20 1 1 1 1 1 1 1 1 1 2 2 2 2 2 2 2 3 3 5 7 
Case #946: 23 1 1 1 1 1 1 1 1 1 1 1 1 1 1 1 1 1 3 3 3 5 5 5 
Case #947: 17 1 1 1 1 1 1 2 2 2 2 2 2 3 3 5 5 7 
Case #948: 18 1 1 1 1 1 2 2 2 2 2 2 2 3 3 3 3 5 5 
Case #949: 8 1 1 2 2 2 3 11 19 
Case #950: -1
Case #951: 12 1 1 2 2 2 3 5 5 5 5 5 5 
Case #952: 24 1 1 1 1 1 1 1 1 1 2 2 2 2 2 2 2 2 2 2 2 2 2 3 3 
Case #953: 20 1 1 1 1 1 1 1 1 1 1 2 2 2 3 3 3 3 3 3 7 
Case #954: 20 1 1 1 1 1 2 2 2 2 2 2 2 2 2 3 3 3 3 3 3 
Case #955: 11 1 1 2 2 2 2 3 5 5 7 11 
Case #956: 11 1 1 1 1 1 1 1 1 2 2 29 
Case #957: -1
Case #958: 32 1 1 1 1 1 1 1 1 1 1 1 1 1 1 1 1 1 1 1 1 1 1 1 1 1 1 2 2 2 2 2 5 
Case #959: 21 1 1 1 1 1 1 1 1 1 1 1 1 1 1 1 1 1 1 2 2 19 
Case #960: -1
Case #961: -1
Case #962: 27 1 1 1 1 1 1 1 1 1 1 1 1 1 1 1 2 2 2 2 2 2 2 2 2 2 3 3 
Case #963: 22 1 1 1 1 1 1 1 1 1 1 1 1 1 1 1 2 2 2 3 3 7 7 
Case #964: 12 1 1 1 2 3 3 3 3 3 3 5 13 
Case #965: -1
