965
72000
393216
21870
22950
241920
6300
108864
1632
8100
50688
17
135
105840
13122
7500
7200
41600
170100
101250
3
33750
270000
322081025
172800
48238
430080
28000
6804
18720
3360
5520
204120
48384
27
214573
27216
29
42120
8550
21383
78750
33
19200
480000
1584
2940
9800
50
9450
41580
74
49280
30
33600
8400
215040
3600
1048576
3584
52920
468
114688
10752
11340
5297
13
21384
1944
92317161
38
961175759
50400
4655
746803744
697106497
99840
6
1520
62
9827
123
2736
192000
7390
805306368
38016
65536
10800
84
118272
26880
192
161280
43200
9900
2906162
8
15390
122
80640
17550
15840
110592
248832
4608
48510
8424
98304
18240
69888
926315427
70400
567
16524
787320
6480
36283838
8250
49500
466560
311040
54880
2250
7680
360000
3157819
24
38880
24750
10560
441
10000
792
9600
1100
24192
20592
31680
11000
97200
396
257
32805
63504
69120
998506315
8320
3780
16
314928
59400
23328
86400
66150
1008
395
2880
138240
6720
2430
7
225792
3864
198450
5200
1960
26
201600
75264
115
129600
46080
74088
540
28800
121
142884
98
1680
552960
536870912
54000
100696425
58320
1512
1001604
83160
15288
112000
86016
30720
14560
92160
122877509
999999998
2268
84000
57600
20480
510205
6400
40
163840
102
2376
70235461
76032
139968
361
3564
180
14
91857
111
64800
42105
87480
113
8015864
786432
36864
391
5376
1741
79200
96228
13230
82268566
3240
52800
157464
10240
912
96768
116640
43740
414720
725573
15876
46
69984
21
5040
816
4800
7920
13680
3000
12150
17640
12870
78
3371
26460
660
65
20000
97
42768
1530
82944
989447237
5940
226151256
1701
459270
57624
23100
633
115248
25490988
388800
5760
994617
1386
69
473
256000
14040
14112
61440
59136
971866761
68
15750
4200
64922375
1134
107520
43
49896
80
813
104
28672
49152
53940
22848
55
276480
999999999
7056
49
4943
9
272160
18432
77760
4675
136080
124416
486000
80949857
32400
8960
4620
25920
70560
331776
322560
115200
6765
12240
5808
71280
7897861
117
127
8347
4032
22176
72900
120
18480
84240
362880
60480
6600
64
916855204
1600
57344
99
262440
50544
89
546
4158
85
25002
53760
13500
9489
90720
49920
5
85536
125
58
2025
41472
15680
324000
8372259
235200
240000
51
630
519
1817
1728
123480
922505446
1500
189
14336
78000
74880
954158175
9000
1
133650
2100
22
8748
39600
3900
1904
30030
121500
20736
622080
89100
94
5657
6399199
8448
327680
96000
31590
300000
144000
32000
864
5601
93312
14400
35640
67893369
122880
5184
1001
58800
244944
1615
35100
7290
2688
16128
3120
11264
40960
268800
301056
72576
91
6750
24000
3072
174960
108
85050
39936
51840
302400
12544
673921
83
194400
518400
14700
8316
17820
7389
9425
24696
346742385
128
4560
155520
16200
12960
3645
76800
16380
109
2070
132300
1000000
126
16000
4000
45
621008
44928
15552
5000
168000
44800
61740
101
4733
181440
56700
3960
38497
9409159
25
432255
16464
11
30240
665
4752
233280
63180
5304
30973
10368
646
1260
243000
67
82
4480
151200
32076
129024
168960
4050
179200
15120
19656
306180
12672
22464
63360
7025
31500
8772
640
33792
85712697
9100
4488
4788
10500
42336
112
700
71
45360
2352
472392
29160
6552
94080
45000
145800
128000
998244353
3024
34111
48600
6075
68040
288000
900360029
4539685
986129769
5250
43680
5280
699840
7938
196830
124
448
107
3264
782
2000
33696
112896
9240
66
216000
72
217728
5400
20160
3312
281250
19008
87
209952
23760
28080
7560
2707
504
22500
768
127008
12768
31
35280
103
141120
583200
32768
460800
34560
2097152
24300
420
54600
5824
1836
66528
29120
4
32640
12348
102060
432000
696
135000
291600
11085765
2618049
145152
153600
1848
216
47958485
32
65610
29250
118800
938017885
7128
7785
8826131
19440
48
29400
17424
15
4374
60
95040
6037
125440
2
84480
5721
323
131220
16320
13056
207360
4536
132000
587234
1215
8640
6541551
42000
28512
517759
118
393660
131980
202500
28
56
6930
524288
3168
172032
18816
176400
98415
64512
32256
999999937
5616
169344
60000
23040
4160
8976
103680
16800
81000
21600
2400
2403381
13824
85881
288
34020
71805
19800
47628
1249
987
53
55296
1000000000
27184698
524880
38400
40950
2304
106
70000
11016
56160
180000
25200
2200
364500
57
59
184320
50000
58054077
90
75
1920
104976
252000
17136
27000
193536
37800
226800
33401221
23400
2520
110
969
559
18
2016
546750
349920
200000
63000
5625
33108
3456
8087519
476014
131
2340
119
4320
345600
67500
11232
81920
12800
9504
46464
150528
57024
8660
21504
8624
48000
49392
35
31752
409342369
7040
95256
64680
27720
47040
70
967669583
147456
491520
5073
12288
21840
211680
25600
1620
405000
51030
14256
94500
2160
93
12096
442368
21000
22680
655360
42755209
99000
17920
105000
672
6144
576
589833267
134400
221184
474
245760
2592
9408
949106497
44550
79
8064
42
193
23115571
63
61966
2640
10710
186624
20328
1764
11664
1323
67584
1890
957262828
84579
5767201
641
62208
281
56448
88
86
182250
118263990
95
1440
236250
81
35503
457481
31200
10260
23232
1671
79548
10
13860
20
89600
34944
108000
300
54
18000
7455307
163296
368640
653477439
126720
49000
44
230400
70200
810
24576
105
36
34300
73
7296
4725
88704
34848
307200
110250
294912
224
2310
165888
29952
4914
7392
15400
2431
983900459
9180
150000
3696
900
37440
614400
120000
4680
7776
1824
105600
3510
5044
32670
5346
75600
2600
12000
501
2720
4410
279936
4704
37
14688
482421315
77
164640
64152
81648
47473
408240
17280
21168
196608
2730
96
336000
8000
5120
67200
16224
194241
10080
1800
934
21952
27456
24480
54432
162000
129
13440
92
31104
170
340200
904152917
2560
5600
4312
282791
52488
1056
29700
8208
23
34
29484
4896
52
625433749
142560
2156
6840
589824
981028563
40320
3375
100800
259200
5016
964532929
375000
73728
40824
373248
92400
116
3509575
160
76
688978813
47
9216
3528
94770
362
