100
9999161
3410821
9999973
2360890
12
3949061
2872729
9999995
4
9999971
8291470
6463741
9999931
3132736
6704676
9
5388168
7203246
390548
8184167
5
1481717
9999991
8603593
8460583
9682616
2295773
3702389
9999972
4461642
10
6865010
4461641
1144
1281246
6697461
4936439
7762723
9999997
3191803
9999998
9999163
8248729
2196613
9971849
1507483
6513281
9999930
7
3
5001361
9516811
4125389
3023326
1264969
3877633
9309119
3929879
9010879
9987391
983469
9999996
6987083
1403870
11
7551991
1750607
3855409
4751053
4461643
559513
5331653
6
9299449
5462959
6537523
140839
2044523
8873129
9999929
8
9999162
4046177
5094841
1862603
7783893
1
9325574
8763892
3910981
2
2610613
4170220
615403
7742461
13
3323191
1221469
10000000
9999999
